18
44
56
88
102
111
125
155
168
176
179
194
220
230
284
289
294
305
325
341
392
398
405
407
408
441
736
824
829
913
922
944
962
968
985
998
1007
1048
1065
1100
1177
1191
1221
1222
1240
1246
1276
1286
1305
1342
1345
1354
1371
1389
1439
1492
1515
1515
1520
1521
1537
1596
1639
1704
1745
1748
1765
1813
1828
1830
1902
1976
2000
2036
2038
2042
2055
2098
2105
2172
2229
2244
2247
2304
2307
2309
2321
2345
2361
2420
2421
2426
2437
2540
2565
2603
2618
2698
2703
2742
2802
2804
2815
2828
2879
2904
2920
2979
3136
3141
3165
3179
3212
3344
3359
3376
3384
3407
3435
3477
3504
3509
3528
3544
3556
3588
3624
3657
3719
3725
3732
3753
3772
3834
3871
3897
3906
3942
3943
3949
3998
4009
4047
4055
4062
4088
4123
4128
4134
4195
4196
4231
4253
4264
4320
4329
4376
4514
4514
4521
4555
4578
4597
4602
4627
4643
4678
4729
4747
4763
4884
4937
4949
4999
5003
5029
5037
5048
5099
5205
5222
5234
5274
5405
5446
5456
5459
5491
5491
5502
5544
5621
5625
5693
5707
5724
5744
5745
5753
5776
5788
5821
5837
5872
5947
5954
6003
6014
6021
6104
6138
6158
6171
6175
6215
6241
6249
6257
6261
6316
6364
6373
6387
6422
6528
6548
6553
6644
6679
6768
6936
6943
6962
7019
7041
7067
7069
7083
7152
7203
7208
7211
7263
7269
7322
7323
7347
7410
7500
7503
7507
7507
7519
7600
7605
7625
7642
7735
7741
7762
7803
7819
7868
7873
7930
7941
7943
7945
7954
7981
8032
8038
8041
8094
8134
8150
8227
8229
8249
8279
8321
8330
8401
8423
8443
8472
8474
8490
8501
8517
8543
8564
8565
8609
8626
8703
8711
8720
8732
8754
8775
8801
8840
8840
8861
8891
8978
8997
9014
9185
9203
9265
9340
9375
9376
9502
9510
9516
9530
9567
9617
9620
9663
9670
9757
9762
9767
9775
9793
9799
9806
9892
9920
9921
9933
9958
9969
9990
9993
9995
10042
10044
10065
10071
10130
10183
10193
10195
10219
10280
10288
10311
10338
10353
10358
10468
10471
10513
10522
10557
10617
10624
10635
10647
10657
10667
10691
10714
10719
10729
10859
10900
10915
10936
10954
10961
11025
11058
11081
11106
11184
11211
11348
11349
11372
11378
11527
11531
11568
11574
11625
11637
11680
11681
11732
11799
11822
11833
11843
11929
11930
11942
11969
12063
12072
12087
12109
12110
12196
12259
12286
12291
12313
12339
12369
12385
12458
12508
12519
12543
12562
12572
12599
12694
12732
12750
12784
12798
12805
12823
12823
12844
12859
12873
12910
12917
12934
12941
12963
12983
13003
13027
13038
13050
13091
13093
13138
13165
13274
13311
13359
13400
13429
13475
13502
13568
13580
13653
13657
13692
13696
13707
13713
13775
13790
13832
13864
13876
13933
13941
13964
13980
13982
14015
14030
14081
14171
14232
14287
14313
14349
14357
14365
14372
14415
14421
14556
14575
14592
14598
14742
14827
14840
14849
14862
14863
14866
14867
14877
14895
14914
14917
14928
14935
14942
14948
14949
14955
15027
15064
15103
15227
15253
15263
15293
15302
15306
15325
15327
15334
15383
15414
15434
15520
15565
15619
15659
15687
15708
15708
15768
15776
15914
15944
15956
15986
16020
16038
16100
16152
16215
16275
16304
16330
16352
16430
16472
16491
16559
16588
16602
16667
16672
16717
16754
16784
16824
16833
16884
16935
16961
16963
16980
16983
17011
17018
17021
17192
17321
17351
17374
17396
17411
17477
17564
17572
17635
17639
17653
17662
17705
17721
17732
17784
17792
17798
17808
17844
17873
17913
17926
17953
18004
18057
18082
18085
18122
18190
18213
18221
18248
18261
18272
18274
18279
18292
18342
18345
18353
18353
18442
18583
18588
18590
18660
18726
18754
18756
18780
18791
18794
18815
18837
18854
18880
18880
18883
18896
18922
18961
18987
19034
19053
19138
19210
19237
19285
19311
19313
19336
19349
19397
19513
19554
19559
19569
19581
19648
19670
19672
19710
19715
19748
19748
19814
19814
19831
19841
19863
19897
19943
20003
20037
20088
20095
20121
20133
20198
20208
20250
20263
20342
20348
20451
20516
20569
20579
20591
20655
20700
20744
20760
20765
20794
20828
20831
20872
20916
20928
20938
21004
21012
21018
21142
21198
21200
21294
21339
21342
21349
21376
21382
21464
21502
21508
21589
21654
21673
21699
21709
21716
21718
21744
21762
21786
21822
21846
21915
21941
21961
21979
21986
21991
22011
22053
22104
22117
22141
22146
22149
22174
22178
22192
22204
22231
22259
22263
22364
22394
22402
22465
22475
22525
22552
22569
22577
22583
22586
22594
22605
22667
22689
22713
22726
22753
22769
22802
22827
22920
22947
22960
22967
23114
23140
23148
23149
23190
23232
23257
23394
23400
23405
23412
23442
23442
23462
23484
23535
23543
23551
23552
23575
23606
23618
23621
23623
23662
23671
23682
23763
23838
23852
23873
23876
23946
23984
23987
23988
24063
24082
24088
24148
24172
24218
24225
24237
24238
24241
24263
24320
24331
24338
24340
24389
24400
24415
24438
24444
24468
24490
24493
24493
24582
24632
24673
24714
24815
24901
24926
24937
24953
24962
24970
25066
25078
25092
25127
25179
25237
25242
25263
25267
25268
25315
25377
25469
25532
25540
25555
25564
25623
25641
25676
25737
25766
25829
25846
25855
25889
25958
26009
26010
26024
26087
26229
26239
26246
26262
26269
26297
26366
26379
26398
26412
26412
26437
26444
26453
26453
26623
26670
26693
26752
26829
26835
26903
26906
26927
26989
27000
27033
27067
27067
27068
27070
27146
27148
27151
27159
27207
27237
27249
27287
27291
27361
27368
27374
27449
27467
27491
27504
27513
27560
27606
27634
27710
27748
27770
27821
27977
27979
28010
28019
28065
28131
28143
28162
28196
28217
28217
28300
28319
28424
28438
28447
28452
28503
28512
28515
28566
28602
28605
28617
28630
28651
28718
28742
28753
28801
28837
28872
28897
28899
28903
28955
28958
29056
29118
29143
29147
29159
29164
29275
29307
29348
29364
29391
29452
29461
29469
29531
29733
29750
29761
29796
29829
29955
29997
30051
30077
30107
30128
30139
30154
30171
30173
30195
30216
30320
30344
30416
30423
30451
30495
30501
30555
30584
30658
30669
30696
30769
30802
30837
30864
30895
30974
30984
30999
31003
31094
31149
31150
31151
31155
31173
31215
31217
31246
31263
31273
31333
31339
31378
31405
31414
31422
31472
31501
31508
31706
31721
31729
31750
31776
31819
31877
31900
31925
31947
32044
32115
32192
32232
32252
32268
32280
32389
32390
32470
32487
32566
32592
32678
32743
32752
32765
32829
33124
33178
33289
33348
33417
33432
33462
33524
33549
33613
33635
33642
33653
33680
33718
33728
33768
33855
33917
33935
33957
33970
33973
33992
34148
34160
34276
34295
34299
34366
34368
34410
34486
34495
34528
34550
34568
34580
34618
34634
34657
34711
34724
34725
34731
34767
34800
34869
34881
34888
34954
34964
34984
35034
35080
35092
35092
35110
35130
35157
35201
35226
35250
35262
35325
35347
35421
35458
35597
35666
35714
35738
35768
35773
35785
35845
35899
35982
36037
36067
36114
36237
36258
36271
36271
36316
36359
36370
36442
36494
36513
36551
36597
36670
36679
36716
36724
36812
36864
36868
36892
36935
36965
37054
37058
37124
37141
37182
37288
37348
37401
37429
37579
37592
37597
37621
37624
37658
37667
37767
37792
37801
37816
37942
37981
37982
38045
38119
38198
38199
38199
38207
38276
38324
38349
38421
38458
38509
38569
38582
38588
38602
38604
38663
38685
38739
38739
38740
38788
38808
38826
38846
38857
38871
38872
38879
38900
38934
38941
38949
38966
38991
39021
39039
39053
39084
39118
39128
39165
39217
39218
39256
39261
39315
39409
39553
39620
39621
39649
39651
39656
39661
39749
39788
39806
39811
39817
39850
39877
39907
39986
40027
40046
40115
40142
40183
40201
40296
40299
40317
40323
40323
40371
40498
40553
40631
40642
40677
40702
40720
40723
40745
40793
40817
40826
40829
40851
40949
40957
40967
40976
40981
40983
41001
41075
41085
41109
41154
41199
41239
41302
41330
41382
41422
41437
41519
41530
41570
41582
41619
41634
41635
41639
41658
41661
41680
41692
41701
41722
41725
41732
41742
41749
41758
41763
41765
41785
41802
41804
41825
41864
41940
41954
41954
41991
42010
42016
42086
42122
42158
42329
42331
42337
42349
42355
42415
42503
42533
42537
42667
42705
42733
42741
42744
42771
42778
42791
42837
42906
42935
42956
42964
43033
43092
43102
43105
43181
43187
43211
43220
43238
43255
43260
43290
43297
43322
43349
43422
43454
43566
43604
43612
43683
43708
43732
43745
43773
43826
43832
43833
43866
43948
43975
43976
44050
44131
44138
44151
44152
44153
44172
44279
44284
44311
44317
44344
44420
44425
44442
44540
44578
44634
44666
44677
44764
44799
44817
44856
44863
44863
44868
44872
44893
44906
44923
44946
44959
44996
45086
45140
45149
45170
45180
45204
45225
45250
45274
45307
45332
45458
45530
45534
45559
45598
45646
45709
45711
45742
45764
45864
45903
45919
45959
46015
46024
46089
46094
46095
46108
46111
46143
46173
46187
46219
46246
46288
46320
46336
46357
46361
46395
46447
46458
46464
46466
46575
46602
46633
46694
46694
46728
46738
46739
46761
46776
46777
46895
46919
46937
46948
46949
46952
47073
47106
47137
47179
47192
47202
47206
47232
47271
47273
47277
47300
47307
47331
47362
47425
47444
47454
47520
47537
47559
47562
47639
47643
47699
47705
47737
47746
47803
47816
47829
47837
47849
47862
47876
47968
47988
48026
48053
48061
48077
48080
48094
48161
48186
48191
48218
48256
48261
48269
48275
48295
48335
48340
48347
48399
48460
48470
48494
48566
48570
48587
48633
48673
48778
48861
48888
48889
48940
48946
48959
48997
49089
49098
49119
49174
49181
49196
49265
49368
49402
49444
49447
49505
49539
49612
49629
49657
49664
49693
49698
49737
49745
49751
49771
49833
49864
49936
49967
49992
50006
50009
50015
50073
50074
50096
50111
50113
50145
50149
50163
50224
50322
50343
50386
50436
50618
50650
50651
50652
50703
50712
50739
50788
50797
50799
50894
50932
50935
50978
50978
50999
51036
51039
51130
51131
51171
51228
51259
51260
51282
51288
51290
51324
51327
51327
51372
51377
51405
51418
51423
51515
51574
51734
51896
51901
51921
51948
51962
52059
52088
52137
52148
52152
52219
52221
52252
52253
52267
52270
52359
52406
52430
52438
52438
52444
52449
52451
52455
52459
52477
52503
52504
52525
52559
52576
52583
52599
52759
52808
52808
52815
52845
52908
52920
52955
52962
53046
53087
53142
53158
53176
53179
53204
53216
53219
53220
53248
53253
53260
53283
53321
53323
53386
53412
53441
53503
53536
53549
53595
53634
53661
53703
53725
53768
53785
53799
53852
53939
53982
54024
54059
54079
54154
54182
54204
54227
54314
54316
54343
54363
54413
54417
54421
54424
54437
54440
54477
54488
54527
54538
54586
54591
54602
54627
54629
54654
54693
54712
54730
54753
54767
54771
54829
54862
54879
54885
54941
54968
54987
55009
55022
55024
55052
55055
55058
55145
55176
55188
55194
55195
55225
55257
55259
55313
55330
55331
55336
55355
55385
55407
55408
55451
55474
55482
55513
55514
55552
55605
55629
55641
55672
55685
55737
55745
55753
55770
55826
55855
55907
56007
56009
56024
56035
56115
56232
56258
56410
56440
56477
56517
56587
56597
56653
56659
56689
56779
56790
56794
56899
56918
56936
57003
57021
57045
57067
57072
57103
57213
57275
57353
57360
57365
57386
57401
57432
57452
57501
57571
57632
57700
57714
57718
57804
57829
57897
57909
57939
57961
57987
58019
58021
58073
58099
58166
58281
58327
58332
58381
58415
58496
58540
58544
58554
58563
58600
58618
58648
58681
58702
58753
58756
58761
58871
58886
58895
58934
58962
59082
59083
59219
59229
59282
59295
59314
59367
59371
59374
59409
59438
59455
59464
59484
59496
59555
59583
59624
59638
59754
59772
59806
59906
59921
59984
59996
60020
60114
60122
60134
60150
60169
60172
60173
60197
60198
60241
60297
60324
60390
60402
60408
60467
60489
60490
60545
60552
60556
60563
60577
60583
60610
60643
60667
60686
60726
60734
60769
60857
60865
61012
61018
61037
61047
61065
61081
61090
61131
61410
61544
61560
61584
61610
61622
61659
61712
61794
61805
61812
61824
61830
61846
61852
61913
61957
61959
62007
62019
62053
62118
62236
62319
62330
62411
62436
62458
62478
62481
62511
62581
62664
62737
62782
62825
62932
62944
62969
62977
63103
63107
63186
63210
63227
63339
63402
63479
63487
63618
63638
63644
63665
63680
63693
63699
63713
63772
63825
63874
63910
63970
63976
64016
64044
64094
64095
64148
64156
64162
64223
64240
64257
64332
64388
64422
64484
64519
64585
64610
64614
64686
64695
64706
64711
64727
64784
64796
64837
64844
64893
64911
64922
64940
64984
65000
65015
65021
65030
65141
65209
65220
65221
65350
65358
65371
65408
65416
65452
65498
65508
65532
