size:7
FFT:
91375,153930,376672,444509,523852,476198,151716,0

Normal:
91375,153930,376672,444509,523852,476198,151716,0

size:31
FFT:
95245,229818,499467,558285,739738,616008,869126,989119,1.04349e+06,1.16866e+06,1.05735e+06,1.4582e+06,1.23439e+06,1.4992e+06,1.33153e+06,1.67456e+06,1.34533e+06,1.56797e+06,981109,1.14962e+06,818808,926257,847222,527596,645440,445327,442476,243971,233232,157768,164280,0

Normal:
95245,229818,499467,558285,739738,616008,869126,989119,1.04349e+06,1.16866e+06,1.05735e+06,1.4582e+06,1.23439e+06,1.4992e+06,1.33153e+06,1.67456e+06,1.34533e+06,1.56797e+06,981109,1.14962e+06,818808,926257,847222,527596,645440,445327,442476,243971,233232,157768,164280,0

size:63
FFT:
117175,215445,481700,440514,668904,403654,776541,682471,705964,793460,876931,984035,1.2544e+06,1.1635e+06,1.21962e+06,1.776e+06,1.5494e+06,1.80781e+06,1.71123e+06,1.57364e+06,1.95661e+06,2.04133e+06,1.67486e+06,2.22066e+06,1.87412e+06,2.4937e+06,2.24992e+06,2.93574e+06,2.57157e+06,2.44421e+06,2.45372e+06,2.87005e+06,2.57243e+06,2.38398e+06,2.14703e+06,2.1022e+06,2.52771e+06,1.87289e+06,2.16661e+06,1.95815e+06,1.90568e+06,1.9905e+06,1.78222e+06,1.43527e+06,1.73692e+06,1.30754e+06,1.36663e+06,1.26249e+06,1.02838e+06,1.18134e+06,807669,983097,897853,525918,694775,451085,632616,274208,278770,126686,210848,74016,108336,0

Normal:
117175,215445,481700,440514,668904,403654,776541,682471,705964,793460,876931,984035,1.2544e+06,1.1635e+06,1.21962e+06,1.776e+06,1.5494e+06,1.80781e+06,1.71123e+06,1.57364e+06,1.95661e+06,2.04133e+06,1.67486e+06,2.22066e+06,1.87412e+06,2.4937e+06,2.24992e+06,2.93574e+06,2.57157e+06,2.44422e+06,2.45372e+06,2.87005e+06,2.57243e+06,2.38398e+06,2.14703e+06,2.1022e+06,2.52771e+06,1.87289e+06,2.16661e+06,1.95815e+06,1.90568e+06,1.9905e+06,1.78222e+06,1.43527e+06,1.73692e+06,1.30754e+06,1.36663e+06,1.26249e+06,1.02838e+06,1.18134e+06,807669,983097,897853,525918,694775,451085,632616,274208,278770,126686,210848,74016,108336,0

size:127
FFT:
15050,116670,205000,372692,433070,692259,742134,1.07558e+06,1.09734e+06,984240,1.21864e+06,1.54329e+06,1.40451e+06,1.79554e+06,1.6594e+06,1.80987e+06,2.13995e+06,2.35587e+06,1.97999e+06,2.23113e+06,2.26157e+06,2.56995e+06,2.36152e+06,2.25383e+06,2.39725e+06,2.4475e+06,2.51128e+06,2.56791e+06,2.85164e+06,2.84984e+06,2.91624e+06,3.02008e+06,2.60817e+06,2.90226e+06,3.02626e+06,2.92112e+06,3.37662e+06,2.98911e+06,3.56843e+06,3.19847e+06,3.33033e+06,3.38175e+06,3.83886e+06,3.34788e+06,4.06601e+06,3.70987e+06,4.01129e+06,4.11772e+06,4.06415e+06,4.37686e+06,4.47597e+06,4.26368e+06,4.74024e+06,4.46528e+06,4.83611e+06,4.68106e+06,5.2371e+06,5.32445e+06,4.97183e+06,5.80098e+06,5.41056e+06,5.56596e+06,4.78517e+06,5.47053e+06,4.5285e+06,4.81248e+06,4.56574e+06,4.72007e+06,4.5209e+06,4.27061e+06,4.50456e+06,3.96308e+06,4.34814e+06,3.74825e+06,3.95577e+06,3.23424e+06,3.20713e+06,3.30314e+06,2.71013e+06,3.29908e+06,3.16262e+06,3.18228e+06,3.11245e+06,2.81471e+06,3.11665e+06,3.08587e+06,2.52831e+06,2.5279e+06,2.42015e+06,2.35258e+06,2.49199e+06,2.54072e+06,2.53998e+06,2.37366e+06,2.21597e+06,2.2455e+06,2.10008e+06,1.59632e+06,1.97519e+06,1.90577e+06,2.05039e+06,1.55032e+06,1.67064e+06,1.52594e+06,1.48398e+06,1.63856e+06,1.44846e+06,1.12945e+06,1.04144e+06,977095,1.00104e+06,987043,849915,617893,597635,709471,446424,301416,13725,0,0,0,0,0,0,0,0,0

Normal:
15050,116670,205000,372692,433070,692259,742134,1.07558e+06,1.09734e+06,984240,1.21864e+06,1.54329e+06,1.40451e+06,1.79554e+06,1.6594e+06,1.80987e+06,2.13996e+06,2.35587e+06,1.97999e+06,2.23113e+06,2.26157e+06,2.56995e+06,2.36152e+06,2.25384e+06,2.39725e+06,2.4475e+06,2.51128e+06,2.56791e+06,2.85164e+06,2.84984e+06,2.91624e+06,3.02008e+06,2.60817e+06,2.90226e+06,3.02626e+06,2.92112e+06,3.37662e+06,2.98911e+06,3.56843e+06,3.19847e+06,3.33033e+06,3.38176e+06,3.83886e+06,3.34788e+06,4.06601e+06,3.70987e+06,4.0113e+06,4.11772e+06,4.06416e+06,4.37686e+06,4.47597e+06,4.26368e+06,4.74024e+06,4.46528e+06,4.83611e+06,4.68106e+06,5.2371e+06,5.32445e+06,4.97183e+06,5.80098e+06,5.41056e+06,5.56596e+06,4.78517e+06,5.47053e+06,4.5285e+06,4.81248e+06,4.56574e+06,4.72007e+06,4.5209e+06,4.27061e+06,4.50456e+06,3.96308e+06,4.34814e+06,3.74825e+06,3.95577e+06,3.23424e+06,3.20713e+06,3.30314e+06,2.71013e+06,3.29908e+06,3.16262e+06,3.18228e+06,3.11245e+06,2.81471e+06,3.11665e+06,3.08587e+06,2.52831e+06,2.5279e+06,2.42015e+06,2.35258e+06,2.49199e+06,2.54072e+06,2.53998e+06,2.37366e+06,2.21597e+06,2.2455e+06,2.10008e+06,1.59632e+06,1.97519e+06,1.90577e+06,2.05039e+06,1.55032e+06,1.67064e+06,1.52594e+06,1.48398e+06,1.63856e+06,1.44846e+06,1.12945e+06,1.04144e+06,977095,1.00104e+06,987043,849915,617893,597635,709471,446424,301416,13725,0,0,0,0,0,0,0,0,0

