15
158
998
1040
1148
1305
1547
1834
1939
1953
3097
3239
3283
3663
3717
3726
4122
4981
5028
5097
5134
5150
5826
6967
7002
7087
7129
7647
8062
8471
8564
8888
8952
9217
9231
9289
9581
9586
9650
9962
10045
10266
10432
11044
11074
11136
11186
11505
11776
12090
12408
12786
13060
13143
13151
13180
13615
14399
15148
15273
15488
15490
15494
16218
16878
17248
17555
17604
17777
17955
18119
18503
18772
18773
18855
18940
19142
19191
19329
19455
19652
19875
19909
20006
20551
21034
21617
21772
21872
22226
22794
22798
22875
23033
23728
23947
23975
24078
24191
24751
24760
24856
24991
25103
25548
25630
26077
26733
26829
26892
27126
27903
27971
28169
29751
29923
30008
30312
30884
30898
31014
31696
31710
32275
32933
33397
33444
33544
34087
34664
35279
36017
36427
36472
36524
36998
37064
37123
37553
37557
37884
38230
38387
38535
38782
38900
39258
39704
39830
39853
40082
40401
40902
41017
41403
41631
42039
42050
42305
42484
42517
42975
43274
43809
43872
44190
44565
44940
45178
45742
45977
46060
46482
46744
47170
47289
47679
47793
47861
48390
48611
48974
49070
49078
49164
49847
50501
50518
50526
50988
50995
51627
51858
51953
52077
52300
52483
52521
52789
52821
52873
52912
52919
53405
53956
54168
54198
54645
54830
55017
55378
55660
56224
56725
56824
56994
57105
57793
58144
58201
58345
58758
59120
59520
59619
59741
59838
59980
60084
60192
60199
60372
60655
60718
60886
60915
61285
62038
62070
62165
62329
62692
63425
63476
63639
63650
63737
63800
63848
64101
64824
65007
65017
65172
65253
65295
