2
9
9
10
15
17
19
22
24
25
26
26
35
38
40
44
60
66
76
77
90
93
94
98
102
114
121
121
124
125
130
142
144
147
151
154
158
162
165
171
177
187
192
194
197
201
202
207
211
212
212
217
229
229
234
237
240
249
254
262
266
269
270
275
281
282
283
285
288
289
300
307
308
310
310
322
326
330
340
341
350
350
354
358
358
361
363
365
368
376
379
385
388
391
395
396
397
404
406
410
418
419
422
425
425
427
433
443
449
449
452
464
466
468
473
476
477
477
477
478
483
483
484
492
497
513
515
522
533
533
535
538
539
540
548
555
556
557
559
563
565
567
569
577
577
583
587
590
593
594
594
595
601
610
614
615
616
617
617
618
619
623
623
629
631
634
635
640
661
666
671
671
672
675
676
677
677
683
688
691
700
703
706
707
710
714
716
718
723
724
729
737
739
740
741
746
754
762
765
765
766
768
783
784
788
797
798
801
804
809
815
819
825
831
833
843
847
848
854
858
862
866
869
875
882
884
885
889
891
892
894
914
921
931
935
937
939
939
944
945
954
956
962
962
968
970
975
977
985
985
990
991
993
997
1011
1011
1015
1016
1025
1029
1039
1042
1046
1047
1049
1050
1051
1052
1056
1059
1062
1077
1080
1081
1085
1086
1086
1089
1090
1096
1096
1098
1098
1106
1108
1116
1117
1120
1121
1125
1125
1128
1130
1134
1137
1139
1140
1148
1152
1154
1158
1164
1174
1174
1177
1178
1179
1181
1182
1193
1198
1199
1201
1201
1211
1213
1215
1215
1216
1217
1217
1219
1226
1229
1236
1237
1241
1246
1254
1254
1264
1265
1267
1273
1275
1278
1278
1284
1286
1288
1303
1304
1305
1305
1307
1311
1312
1332
1343
1350
1356
1358
1359
1360
1361
1361
1363
1363
1363
1376
1377
1388
1394
1397
1397
1399
1403
1407
1411
1411
1425
1429
1442
1445
1450
1455
1456
1457
1458
1470
1475
1480
1480
1482
1486
1497
1498
1499
1501
1502
1511
1514
1520
1525
1526
1529
1535
1537
1538
1538
1541
1546
1549
1552
1552
1558
1561
1578
1578
1580
1584
1588
1599
1600
1603
1603
1607
1611
1614
1617
1619
1634
1635
1643
1648
1662
1667
1671
1677
1684
1685
1686
1698
1699
1704
1704
1710
1712
1715
1717
1723
1725
1727
1735
1737
1741
1748
1748
1749
1749
1751
1754
1754
1760
1763
1776
1779
1796
1796
1797
1806
1815
1822
1824
1824
1824
1825
1827
1831
1833
1843
1844
1845
1845
1845
1849
1854
1854
1855
1859
1861
1861
1865
1866
1867
1876
1881
1885
1887
1891
1900
1908
1912
1921
1925
1930
1944
1945
1953
1955
1960
1961
1974
1975
1977
1977
1981
1994
2003
2003
2003
2004
2011
2017
2017
2021
2021
2038
2044
2048
2048
2052
2053
2054
2060
2062
2067
2071
2079
2087
2088
2091
2096
2100
2106
2107
2114
2114
2115
2116
2119
2124
2130
2138
2148
2149
2158
2159
2160
2169
2172
2179
2187
2187
2187
2197
2206
2206
2207
2207
2207
2210
2216
2216
2217
2218
2228
2239
2240
2245
2252
2255
2256
2262
2269
2269
2275
2294
2301
2308
2309
2311
2320
2331
2341
2347
2349
2350
2351
2359
2365
2368
2371
2373
2374
2386
2386
2387
2389
2394
2399
2399
2407
2415
2418
2420
2425
2431
2438
2438
2443
2450
2459
2468
2476
2477
2477
2482
2482
2484
2498
2500
2506
2512
2514
2522
2527
2530
2537
2549
2554
2558
2560
2570
2573
2574
2576
2586
2588
2593
2595
2603
2605
2618
2623
2628
2632
2635
2638
2651
2656
2657
2657
2658
2662
2663
2666
2679
2681
2684
2685
2691
2693
2697
2697
2708
2715
2716
2722
2722
2725
2726
2735
2753
2753
2759
2764
2773
2778
2779
2789
2802
2802
2809
2820
2823
2824
2826
2828
2830
2838
2838
2842
2871
2875
2879
2882
2884
2886
2893
2901
2904
2907
2911
2917
2917
2919
2921
2922
2923
2932
2934
2942
2949
2949
2955
2957
2963
2969
2970
2973
2978
2987
2992
3005
3008
3010
3017
3017
3022
3028
3030
3033
3041
3043
3044
3044
3046
3054
3060
3060
3062
3064
3067
3070
3070
3075
3077
3079
3079
3080
3086
3093
3094
3101
3104
3106
3108
3118
3119
3121
3124
3130
3134
3135
3137
3138
3139
3147
3155
3156
3157
3159
3161
3164
3189
3190
3192
3195
3201
3204
3213
3217
3221
3223
3235
3235
3237
3241
3243
3244
3252
3252
3256
3281
3281
3284
3291
3299
3303
3306
3308
3319
3320
3335
3336
3351
3354
3355
3373
3381
3386
3393
3394
3397
3406
3408
3409
3411
3411
3414
3417
3434
3434
3439
3442
3446
3448
3453
3454
3454
3454
3457
3460
3466
3469
3475
3478
3484
3491
3499
3507
3507
3509
3512
3521
3521
3523
3530
3532
3535
3537
3544
3555
3559
3568
3571
3572
3581
3589
3595
3597
3605
3610
3612
3613
3628
3639
3644
3645
3649
3650
3655
3655
3660
3670
3681
3687
3690
3691
3701
3705
3709
3712
3713
3717
3722
3725
3734
3739
3742
3742
3743
3749
3753
3755
3756
3760
3763
3771
3774
3775
3776
3776
3777
3779
3780
3780
3783
3786
3792
3795
3795
3799
3801
3808
3809
3809
3812
3815
3816
3817
3820
3837
3838
3839
3840
3849
3849
3856
3859
3862
3871
3876
3881
3882
3888
3890
3891
3893
3896
3901
3905
3906
3914
3916
3917
3918
3923
3926
3927
3929
3938
3948
3949
3954
3959
3962
3962
3966
3973
3974
3977
3979
3983
3989
3990
3991
3993
3995
3996
4004
4006
4008
4008
4010
4015
4016
4018
4029
4039
4039
4046
4047
4051
4053
4054
4059
4074
4078
4096
4101
4106
4117
4118
4120
4128
4130
4132
4133
4134
4134
4142
4142
4147
4148
4152
4154
4157
4171
4172
4173
4174
4174
4192
4194
4197
4201
4203
4204
4208
4210
4224
4227
4233
4238
4238
4242
4246
4247
4249
4250
4258
4262
4262
4268
4268
4275
4282
4286
4290
4290
4293
4295
4296
4301
4301
4303
4304
4306
4316
4318
4319
4320
4325
4326
4335
4336
4337
4343
4345
4352
4353
4355
4356
4362
4365
4377
4378
4382
4394
4395
4396
4396
4398
4402
4402
4413
4417
4426
4429
4436
4446
4463
4466
4469
4472
4472
4474
4482
4486
4486
4494
4495
4496
4501
4504
4505
4516
4525
4529
4533
4542
4544
4545
4548
4551
4551
4553
4555
4559
4560
4564
4564
4567
4573
4576
4580
4584
4585
4588
4589
4592
4603
4607
4621
4626
4629
4631
4643
4643
4645
4648
4649
4652
4659
4659
4660
4661
4663
4668
4674
4674
4695
4701
4702
4704
4709
4714
4715
4715
4720
4722
4723
4735
4736
4737
4739
4742
4744
4755
4763
4764
4770
4771
4778
4781
4781
4784
4784
4797
4797
4800
4804
4809
4811
4811
4815
4816
4817
4822
4824
4826
4834
4843
4843
4843
4847
4875
4876
4877
4877
4879
4881
4893
4899
4900
4901
4924
4925
4930
4937
4937
4938
4950
4953
4956
4966
4983
4988
4989
5004
5005
5024
5028
5030
5031
5031
5041
5042
5043
5043
5045
5045
5045
5059
5062
5068
5070
5075
5084
5084
5087
5094
5094
5099
5100
5108
5120
5122
5125
5136
5137
5139
5148
5150
5150
5153
5157
5159
5173
5190
5197
5199
5209
5211
5227
5230
5231
5238
5241
5243
5246
5258
5260
5262
5269
5270
5270
5272
5272
5273
5277
5280
5288
5289
5290
5291
5292
5296
5300
5305
5307
5315
5328
5332
5338
5343
5343
5346
5348
5355
5358
5361
5362
5363
5368
5371
5383
5388
5393
5396
5397
5409
5427
5428
5428
5432
5434
5437
5444
5448
5450
5451
5455
5458
5461
5462
5463
5464
5469
5471
5475
5478
5481
5482
5488
5491
5496
5498
5498
5503
5503
5510
5515
5517
5517
5518
5519
5520
5524
5525
5535
5540
5540
5545
5549
5550
5551
5560
5561
5571
5575
5578
5579
5581
5589
5593
5602
5611
5614
5624
5625
5631
5633
5647
5651
5652
5656
5657
5658
5666
5672
5679
5680
5681
5690
5693
5693
5696
5698
5706
5713
5717
5718
5718
5724
5724
5728
5735
5738
5739
5740
5740
5744
5744
5748
5754
5760
5763
5768
5769
5774
5783
5783
5785
5790
5791
5805
5806
5813
5816
5816
5816
5816
5819
5822
5825
5837
5847
5851
5860
5862
5876
5879
5885
5887
5890
5897
5898
5902
5904
5912
5917
5919
5925
5934
5935
5935
5936
5941
5949
5950
5958
5961
5963
5968
5968
5969
5975
5977
5986
5990
6001
6027
6028
6030
6031
6032
6035
6038
6042
6044
6044
6046
6047
6062
6067
6082
6082
6090
6100
6107
6108
6116
6116
6118
6120
6123
6123
6128
6128
6137
6138
6138
6146
6149
6150
6150
6153
6161
6181
6182
6186
6191
6192
6196
6199
6206
6217
6226
6227
6228
6228
6237
6247
6250
6253
6254
6254
6255
6256
6261
6262
6264
6264
6268
6269
6270
6271
6273
6275
6275
6278
6280
6282
6283
6283
6292
6308
6308
6310
6320
6321
6336
6336
6340
6341
6344
6346
6350
6355
6357
6367
6368
6369
6375
6377
6382
6385
6386
6395
6402
6411
6411
6414
6418
6420
6421
6423
6426
6437
6439
6442
6442
6453
6454
6456
6463
6464
6466
6472
6475
6476
6478
6489
6490
6491
6500
6500
6510
6513
6516
6518
6520
6523
6524
6530
6531
6531
6532
6532
6539
6547
6549
6558
6560
6561
6571
6572
6572
6574
6576
6576
6579
6579
6580
6587
6589
6589
6589
6594
6596
6603
6605
6607
6612
6614
6627
6636
6648
6650
6653
6656
6657
6664
6665
6665
6668
6672
6672
6673
6682
6687
6699
6703
6712
6719
6719
6725
6727
6728
6734
6734
6739
6740
6746
6749
6755
6757
6759
6760
6773
6788
6789
6797
6802
6808
6810
6811
6815
6818
6823
6823
6829
6830
6834
6841
6843
6845
6847
6848
6850
6851
6857
6857
6857
6866
6877
6886
6890
6891
6899
6902
6910
6913
6925
6925
6925
6928
6929
6929
6930
6930
6935
6938
6945
6947
6951
6960
6960
6966
6970
6970
6979
7002
7013
7016
7018
7019
7021
7027
7028
7029
7030
7031
7034
7041
7045
7061
7066
7070
7075
7079
7088
7090
7100
7103
7107
7114
7120
7136
7139
7143
7143
7149
7152
7155
7158
7162
7166
7170
7173
7173
7180
7192
7200
7223
7227
7228
7229
7231
7236
7237
7241
7244
7248
7255
7255
7256
7258
7260
7261
7268
7283
7295
7300
7315
7323
7331
7343
7354
7360
7368
7369
7370
7376
7376
7377
7380
7386
7387
7390
7397
7409
7432
7433
7436
7436
7437
7438
7449
7452
7455
7461
7471
7473
7478
7479
7482
7484
7492
7493
7498
7508
7514
7518
7518
7518
7520
7521
7525
7526
7531
7536
7538
7542
7544
7548
7548
7555
7555
7562
7563
7569
7577
7578
7578
7580
7584
7589
7600
7602
7604
7607
7608
7608
7611
7613
7620
7626
7630
7639
7642
7642
7644
7647
7650
7656
7661
7663
7664
7665
7665
7675
7685
7687
7688
7689
7691
7691
7693
7694
7700
7705
7711
7714
7717
7719
7727
7742
7743
7743
7746
7755
7758
7760
7763
7771
7778
7779
7788
7793
7794
7794
7796
7798
7808
7816
7818
7826
7830
7830
7830
7833
7834
7840
7840
7843
7843
7847
7852
7853
7855
7859
7865
7868
7872
7873
7880
7885
7886
7890
7896
7907
7911
7916
7920
7920
7930
7932
7949
7957
7959
7960
7960
7966
7967
7968
7968
7971
7971
7977
7980
7980
7982
7991
7994
7994
7997
7997
8001
8023
8033
8041
8047
8047
8055
8060
8062
8063
8063
8063
8063
8070
8073
8078
8092
8096
8097
8099
8116
8125
8125
8129
8135
8136
8138
8138
8148
8152
8158
8163
8163
8167
8175
8180
8181
8188
8193
8196
8198
8202
8218
8219
8219
8226
8227
8230
8243
8249
8252
8254
8262
8264
8275
8276
8289
8290
8292
8292
8297
8301
8304
8306
8311
8317
8318
8320
8320
8322
8324
8325
8325
8328
8328
8335
8339
8343
8343
8346
8349
8351
8354
8357
8361
8365
8373
8380
8382
8382
8387
8391
8392
8394
8395
8405
8406
8409
8411
8412
8418
8426
8436
8436
8437
8439
8445
8446
8466
8467
8468
8468
8469
8469
8469
8469
8474
8475
8480
8488
8489
8508
8516
8518
8526
8531
8531
8531
8539
8540
8540
8545
8556
8559
8565
8568
8574
8584
8586
8597
8600
8600
8601
8602
8603
8604
8605
8615
8619
8634
8634
8655
8669
8670
8674
8681
8684
8685
8686
8688
8689
8691
8698
8698
8709
8710
8711
8720
8722
8735
8744
8745
8746
8747
8748
8761
8766
8767
8784
8787
8794
8799
8806
8807
8808
8812
8816
8822
8830
8838
8839
8839
8842
8845
8852
8861
8876
8883
8888
8893
8897
8898
8901
8901
8905
8908
8916
8918
8923
8926
8929
8941
8942
8945
8947
8948
8959
8965
8967
8977
8978
8979
8979
8980
8985
8988
8989
8992
8994
8994
8999
9003
9013
9020
9022
9024
9027
9046
9048
9050
9050
9052
9057
9063
9064
9068
9073
9073
9074
9076
9082
9083
9084
9086
9097
9109
9111
9124
9124
9127
9127
9134
9148
9158
9160
9163
9163
9182
9182
9190
9192
9193
9197
9198
9204
9208
9209
9209
9209
9211
9216
9220
9221
9226
9229
9237
9240
9242
9251
9254
9258
9263
9263
9267
9271
9272
9274
9278
9279
9281
9282
9282
9283
9287
9302
9304
9310
9313
9314
9315
9317
9321
9326
9327
9332
9339
9340
9343
9346
9350
9354
9356
9365
9367
9368
9373
9380
9388
9388
9394
9398
9405
9409
9414
9417
9417
9428
9428
9432
9440
9443
9446
9446
9446
9446
9452
9458
9462
9467
9468
9471
9481
9484
9494
9520
9525
9533
9533
9535
9536
9544
9548
9548
9554
9557
9562
9564
9566
9566
9566
9570
9571
9575
9576
9582
9594
9596
9596
9597
9597
9598
9603
9607
9623
9627
9628
9637
9639
9640
9645
9651
9652
9653
9654
9657
9658
9658
9661
9662
9676
9685
9685
9690
9693
9695
9699
9702
9704
9708
9710
9711
9713
9718
9719
9720
9739
9741
9743
9743
9761
9770
9770
9774
9774
9781
9791
9794
9795
9795
9798
9800
9807
9809
9810
9810
9813
9822
9823
9826
9830
9832
9834
9834
9835
9839
9843
9853
9859
9862
9863
9864
9866
9867
9871
9871
9874
9883
9884
9891
9895
9895
9903
9912
9918
9933
9933
9935
9937
9940
9940
9945
9966
9972
9977
9983
9984
9985
9988
9989
9992
9998
10000
10013
10014
10015
10016
10018
10024
10030
10035
10037
10037
10038
10042
10044
10045
10047
10048
10055
10056
10057
10059
10059
10071
10072
10075
10080
10080
10087
10088
10090
10095
10114
10131
10132
10139
10146
10146
10159
10161
10163
10172
10176
10181
10189
10192
10196
10196
10196
10198
10200
10202
10214
10217
10220
10222
10223
10225
10226
10237
10240
10243
10244
10250
10250
10251
10253
10253
10255
10261
10264
10265
10266
10267
10270
10276
10277
10281
10292
10294
10297
10297
10298
10300
10300
10307
10314
10317
10318
10319
10324
10326
10329
10333
10339
10347
10350
10353
10373
10381
10384
10389
10394
10396
10399
10406
10407
10413
10419
10419
10420
10422
10423
10430
10433
10433
10438
10446
10450
10457
10458
10462
10464
10465
10473
10473
10478
10481
10482
10485
10488
10490
10495
10496
10496
10496
10505
10510
10511
10512
10518
10521
10522
10522
10527
10527
10529
10539
10543
10555
10560
10563
10566
10570
10571
10577
10579
10580
10582
10584
10587
10591
10591
10600
10606
10607
10608
10609
10613
10616
10617
10618
10629
10630
10631
10640
10642
10642
10659
10666
10671
10675
10677
10683
10684
10700
10702
10703
10705
10706
10708
10710
10711
10711
10723
10724
10724
10725
10727
10733
10734
10749
10749
10750
10753
10755
10756
10760
10766
10776
10779
10780
10783
10785
10785
10798
10814
10817
10821
10828
10830
10832
10832
10837
10845
10849
10854
10855
10857
10858
10866
10876
10879
10880
10882
10884
10893
10894
10895
10907
10911
10911
10913
10921
10924
10924
10934
10937
10940
10944
10947
10948
10950
10953
10962
10965
10968
10969
10969
10975
10984
10987
10992
11003
11003
11004
11006
11014
11018
11024
11032
11033
11034
11036
11039
11045
11045
11051
11054
11054
11055
11077
11089
11094
11096
11099
11121
11131
11133
11135
11141
11144
11147
11149
11157
11159
11169
11172
11181
11193
11202
11203
11208
11208
11217
11219
11220
11221
11229
11232
11232
11236
11249
11254
11262
11264
11266
11269
11273
11274
11279
11282
11295
11298
11306
11313
11316
11317
11318
11320
11321
11323
11324
11326
11337
11340
11341
11350
11371
11374
11376
11377
11379
11380
11382
11389
11390
11396
11405
11418
11421
11423
11425
11427
11428
11432
11455
11462
11464
11476
11477
11481
11489
11491
11493
11498
11499
11502
11519
11526
11529
11538
11547
11548
11560
11565
11568
11571
11580
11586
11594
11598
11600
11603
11606
11612
11612
11613
11613
11621
11623
11624
11638
11638
11652
11654
11657
11657
11658
11669
11679
11680
11681
11685
11688
11688
11693
11696
11698
11699
11705
11712
11724
11728
11729
11730
11738
11753
11753
11757
11760
11764
11782
11782
11783
11786
11788
11791
11795
11811
11822
11828
11831
11832
11833
11836
11843
11843
11852
11856
11861
11864
11875
11876
11877
11881
11912
11918
11929
11929
11933
11934
11937
11944
11945
11946
11950
11962
11967
11971
11979
11979
11983
11984
11988
11995
11996
12013
12015
12022
12024
12028
12029
12033
12037
12042
12061
12065
12069
12070
12076
12077
12078
12090
12091
12094
12095
12097
12101
12103
12105
12110
12124
12124
12125
12128
12128
12131
12146
12146
12150
12153
12157
12159
12172
12173
12173
12175
12175
12182
12193
12195
12199
12200
12201
12206
12214
12218
12222
12226
12229
12236
12245
12245
12253
12254
12259
12259
12262
12264
12266
12267
12270
12270
12281
12281
12284
12297
12299
12301
12309
12309
12315
12316
12322
12323
12323
12328
12341
12343
12348
12350
12353
12354
12356
12356
12357
12360
12365
12368
12370
12370
12373
12374
12376
12377
12380
12381
12382
12389
12391
12397
12398
12404
12406
12408
12421
12422
12422
12431
12437
12438
12439
12456
12457
12468
12471
12484
12492
12499
12502
12509
12514
12514
12519
12521
12530
12532
12535
12538
12538
12538
12544
12549
12554
12555
12562
12569
12571
12571
12572
12573
12576
12577
12578
12584
12591
12592
12594
12594
12597
12597
12624
12629
12632
12632
12638
12644
12646
12646
12647
12653
12653
12657
12662
12663
12665
12669
12670
12675
12678
12682
12687
12690
12690
12694
12696
12698
12700
12704
12706
12710
12712
12714
12717
12726
12730
12731
12733
12734
12741
12745
12748
12748
12750
12752
12765
12773
12778
12784
12789
12790
12791
12792
12797
12798
12820
12825
12836
12836
12837
12837
12839
12840
12843
12848
12849
12850
12852
12863
12867
12868
12868
12871
12886
12887
12891
12892
12896
12902
12904
12911
12918
12918
12920
12920
12921
12926
12927
12927
12940
12946
12949
12951
12953
12956
12958
12958
12962
12965
12966
12969
12983
12989
12990
12998
13000
13000
13004
13004
13007
13013
13013
13014
13015
13019
13027
13034
13037
13047
13048
13056
13061
13064
13071
13074
13075
13076
13078
13080
13080
13081
13084
13088
13088
13106
13111
13115
13120
13121
13122
13123
13124
13134
13138
13143
13144
13144
13145
13150
13153
13155
13160
13162
13163
13164
13167
13171
13176
13178
13182
13183
13186
13189
13189
13190
13197
13199
13201
13210
13216
13217
13221
13226
13228
13234
13242
13247
13252
13257
13260
13262
13265
13267
13268
13269
13270
13270
13273
13277
13277
13284
13289
13296
13314
13315
13318
13321
13323
13328
13329
13329
13335
13340
13340
13341
13368
13371
13377
13384
13387
13389
13391
13394
13398
13401
13411
13424
13427
13428
13436
13437
13440
13442
13443
13457
13459
13467
13472
13475
13475
13476
13488
13491
13506
13507
13509
13512
13519
13519
13523
13536
13537
13537
13546
13547
13557
13560
13562
13565
13569
13576
13578
13582
13586
13594
13594
13601
13603
13605
13610
13614
13620
13621
13628
13630
13642
13647
13647
13649
13650
13657
13658
13659
13660
13662
13664
13674
13678
13680
13681
13683
13684
13691
13693
13697
13701
13707
13712
13713
13719
13723
13730
13733
13734
13741
13744
13747
13750
13753
13758
13759
13760
13761
13773
13774
13779
13782
13783
13783
13786
13789
13796
13796
13799
13802
13805
13809
13810
13811
13813
13816
13818
13820
13826
13828
13828
13831
13840
13841
13842
13845
13846
13848
13848
13848
13849
13863
13867
13868
13868
13873
13873
13874
13882
13885
13893
13894
13897
13903
13907
13908
13914
13917
13924
13926
13935
13944
13944
13945
13946
13948
13948
13952
13962
13963
13970
13971
13975
13976
13978
13979
13982
13985
13993
13996
14003
14003
14005
14008
14013
14018
14033
14038
14038
14048
14051
14062
14066
14068
14077
14081
14086
14087
14095
14097
14097
14105
14106
14107
14109
14110
14110
14128
14128
14130
14131
14146
14147
14148
14155
14156
14159
14159
14166
14168
14169
14178
14179
14188
14192
14194
14195
14198
14199
14201
14203
14204
14205
14208
14214
14214
14218
14225
14236
14236
14241
14242
14245
14248
14250
14261
14263
14264
14266
14270
14277
14279
14280
14280
14286
14287
14297
14302
14308
14309
14310
14311
14321
14330
14333
14335
14336
14339
14343
14345
14347
14351
14353
14357
14357
14361
14362
14369
14373
14378
14379
14385
14387
14391
14396
14406
14406
14407
14413
14419
14420
14428
14430
14436
14437
14438
14442
14447
14452
14456
14459
14462
14470
14471
14472
14477
14479
14482
14484
14485
14488
14490
14496
14498
14506
14511
14517
14520
14532
14534
14534
14539
14539
14540
14542
14542
14544
14563
14564
14570
14573
14577
14581
14593
14597
14601
14616
14625
14627
14628
14629
14632
14633
14634
14635
14636
14638
14638
14641
14643
14643
14645
14651
14663
14665
14665
14666
14669
14673
14678
14681
14681
14682
14684
14684
14686
14692
14700
14705
14707
14713
14720
14720
14722
14724
14725
14726
14728
14729
14738
14749
14749
14750
14754
14755
14769
14771
14777
14778
14781
14783
14784
14785
14786
14786
14792
14802
14805
14811
14814
14814
14815
14830
14836
14839
14840
14840
14841
14846
14850
14855
14860
14864
14869
14870
14881
14884
14885
14886
14887
14889
14890
14900
14902
14906
14906
14907
14909
14913
14914
14916
14920
14921
14924
14930
14936
14936
14941
14948
14950
14951
14957
14960
14965
14965
14966
14968
14970
14981
14982
14982
14998
15002
15009
15011
15014
15015
15016
15019
15022
15023
15024
15024
15026
15026
15029
15030
15033
15034
15062
15070
15070
15079
15080
15086
15090
15097
15106
15106
15113
15114
15119
15130
15132
15134
15134
15155
15156
15169
15169
15170
15171
15174
15180
15182
15186
15186
15201
15201
15204
15206
15211
15211
15211
15211
15212
15214
15215
15216
15224
15227
15231
15238
15240
15242
15248
15253
15253
15254
15256
15258
15263
15267
15269
15273
15277
15277
15279
15284
15286
15290
15290
15291
15293
15299
15301
15305
15309
15313
15314
15317
15318
15319
15320
15323
15327
15333
15340
15340
15340
15341
15345
15347
15350
15350
15354
15355
15371
15373
15374
15378
15378
15384
15385
15393
15395
15403
15408
15408
15413
15414
15428
15433
15441
15454
15456
15461
15462
15467
15475
15484
15487
15492
15498
15502
15508
15508
15510
15513
15514
15515
15519
15521
15530
15531
15541
15542
15546
15547
15552
15553
15554
15555
15557
15563
15568
15569
15570
15572
15576
15579
15581
15587
15594
15596
15599
15604
15604
15608
15609
15613
15613
15616
15624
15627
15631
15633
15635
15641
15642
15647
15648
15658
15659
15660
15671
15683
15685
15688
15689
15698
15707
15708
15709
15710
15711
15724
15727
15730
15732
15732
15739
15745
15746
15754
15760
15763
15771
15774
15780
15784
15797
15802
15805
15807
15809
15812
15817
15822
15826
15832
15832
15834
15837
15838
15840
15846
15851
15858
15858
15860
15860
15861
15862
15868
15872
15873
15879
15882
15886
15890
15895
15915
15915
15919
15919
15921
15930
15935
15937
15940
15947
15949
15955
15959
15962
15962
15970
15973
15978
15981
16000
16002
16012
16014
16029
16030
16035
16036
16048
16051
16060
16069
16077
16081
16084
16089
16090
16095
16096
16100
16106
16106
16107
16111
16121
16148
16156
16162
16162
16165
16167
16169
16174
16175
16176
16176
16176
16181
16181
16182
16183
16191
16194
16194
16200
16201
16211
16215
16217
16220
16227
16227
16230
16231
16232
16233
16240
16240
16249
16261
16265
16274
16282
16282
16284
16289
16292
16292
16293
16300
16301
16302
16310
16318
16324
16327
16334
16336
16338
16343
16346
16351
16358
16372
16379
16383
16385
16390
16401
16401
16402
16403
16408
16410
16412
16414
16417
16419
16420
16425
16426
16432
16438
16442
16444
16445
16456
16460
16463
16469
16470
16474
16484
16490
16500
16503
16504
16505
16505
16508
16509
16509
16511
16514
16515
16516
16520
16520
16522
16522
16526
16534
16534
16535
16541
16550
16554
16555
16562
16568
16577
16587
16587
16590
16598
16599
16599
16605
16612
16619
16623
16628
16635
16636
16642
16653
16656
16685
16695
16707
16713
16716
16717
16718
16724
16724
16726
16726
16731
16736
16737
16755
16756
16760
16765
16779
16780
16785
16788
16803
16807
16807
16824
16825
16825
16827
16829
16831
16833
16833
16834
16835
16835
16837
16842
16846
16847
16848
16851
16858
16864
16869
16881
16882
16886
16901
16902
16905
16908
16912
16914
16914
16915
16915
16918
16925
16926
16927
16929
16929
16931
16933
16944
16956
16959
16962
16963
16968
16969
16970
16974
16984
16985
16985
16997
17007
17024
17027
17029
17030
17032
17039
17040
17042
17042
17047
17056
17059
17060
17062
17063
17073
17073
17085
17086
17097
17098
17098
17098
17108
17110
17116
17118
17120
17128
17134
17135
17137
17147
17152
17155
17155
17164
17171
17177
17183
17195
17196
17202
17203
17209
17218
17219
17222
17222
17223
17224
17230
17233
17233
17241
17244
17245
17253
17254
17255
17261
17276
17277
17278
17280
17282
17286
17308
17308
17313
17322
17323
17325
17334
17334
17336
17337
17340
17351
17351
17352
17353
17363
17364
17370
17374
17375
17378
17381
17384
17387
17390
17394
17397
17402
17404
17404
17405
17409
17412
17414
17420
17422
17428
17431
17457
17463
17465
17472
17474
17484
17486
17494
17496
17504
17508
17514
17528
17528
17530
17536
17536
17540
17544
17545
17548
17552
17558
17562
17565
17566
17582
17589
17591
17598
17604
17605
17606
17610
17613
17618
17620
17629
17629
17630
17631
17636
17637
17638
17646
17646
17646
17656
17658
17660
17665
17669
17671
17672
17684
17687
17690
17693
17695
17696
17701
17702
17702
17709
17711
17716
17717
17717
17723
17727
17734
17734
17737
17743
17744
17747
17752
17758
17759
17760
17762
17763
17773
17775
17775
17777
17780
17780
17795
17795
17805
17809
17823
17823
17823
17823
17829
17833
17833
17836
17840
17844
17846
17852
17855
17855
17855
17859
17863
17867
17867
17871
17877
17879
17882
17890
17892
17895
17896
17901
17908
17914
17918
17918
17923
17923
17927
17928
17934
17935
17943
17968
17974
17976
17985
17993
18002
18003
18004
18021
18024
18027
18031
18032
18037
18044
18046
18051
18055
18055
18058
18061
18062
18070
18071
18074
18075
18078
18082
18084
18087
18093
18094
18103
18106
18109
18112
18118
18119
18122
18131
18142
18143
18143
18147
18151
18158
18160
18168
18174
18179
18184
18186
18187
18190
18193
18197
18201
18211
18212
18214
18216
18217
18217
18226
18228
18247
18254
18256
18256
18256
18260
18269
18271
18276
18276
18278
18278
18282
18284
18290
18291
18293
18294
18296
18298
18302
18306
18306
18308
18311
18318
18319
18323
18323
18326
18330
18332
18336
18344
18344
18344
18347
18351
18352
18359
18370
18376
18376
18378
18398
18402
18409
18412
18414
18415
18416
18417
18418
18426
18432
18448
18453
18460
18461
18462
18465
18466
18483
18487
18489
18490
18490
18493
18497
18503
18511
18512
18514
18521
18521
18533
18540
18540
18553
18554
18555
18555
18556
18556
18558
18561
18564
18565
18566
18567
18568
18573
18581
18586
18587
18589
18595
18597
18599
18599
18599
18610
18610
18628
18632
18634
18638
18643
18649
18651
18651
18652
18654
18657
18674
18676
18679
18681
18681
18689
18697
18698
18699
18711
18718
18735
18736
18742
18750
18751
18754
18755
18756
18757
18759
18763
18765
18776
18777
18789
18789
18791
18798
18800
18804
18805
18807
18808
18810
18814
18814
18822
18824
18830
18841
18844
18861
18865
18867
18873
18877
18879
18886
18890
18890
18907
18920
18924
18926
18927
18927
18929
18934
18939
18945
18947
18953
18957
18958
18959
18962
18968
18970
18971
18982
18988
18988
18991
18997
19002
19017
19017
19017
19021
19025
19025
19034
19038
19053
19055
19057
19062
19069
19083
19086
19093
19096
19099
19103
19110
19113
19120
19127
19129
19134
19134
19135
19145
19146
19163
19169
19172
19172
19173
19178
19179
19183
19186
19187
19188
19193
19198
19208
19213
19216
19218
19220
19228
19229
19231
19234
19235
19239
19245
19246
19247
19250
19254
19255
19258
19260
19262
19265
19272
19280
19282
19289
19295
19302
19312
19313
19324
19325
19330
19330
19332
19338
19338
19339
19340
19344
19349
19351
19354
19356
19357
19361
19361
19363
19365
19371
19374
19376
19381
19381
19384
19385
19391
19393
19393
19405
19406
19412
19422
19427
19432
19442
19446
19446
19452
19453
19453
19457
19463
19464
19467
19476
19506
19512
19526
19535
19536
19537
19538
19541
19544
19550
19550
19552
19561
19566
19567
19572
19583
19595
19596
19597
19599
19600
19610
19611
19614
19617
19618
19629
19630
19632
19633
19636
19636
19638
19638
19640
19643
19644
19646
19652
19659
19671
19675
19676
19677
19687
19688
19690
19693
19699
19699
19702
19711
19713
19713
19714
19715
19718
19720
19722
19726
19736
19738
19742
19745
19748
19754
19755
19761
19764
19765
19767
19772
19774
19781
19787
19792
19796
19797
19797
19799
19802
19808
19816
19816
19819
19823
19825
19826
19836
19855
19856
19862
19862
19868
19875
19877
19877
19880
19883
19884
19886
19890
19896
19913
19916
19919
19921
19926
19927
19927
19930
19931
19936
19938
19938
19939
19946
19947
19949
19953
19954
19958
19959
19960
19964
19969
19979
19980
19986
19988
19991
19996
19999
20008
20016
20017
20033
20038
20043
20048
20049
20053
20063
20069
20075
20081
20090
20094
20095
20098
20101
20111
20114
20117
20123
20128
20132
20136
20136
20148
20148
20149
20150
20150
20150
20151
20155
20155
20158
20166
20170
20175
20176
20177
20177
20185
20185
20186
20188
20188
20195
20200
20205
20212
20218
20218
20223
20225
20227
20231
20231
20235
20238
20240
20240
20244
20260
20265
20266
20269
20271
20288
20290
20297
20305
20306
20307
20309
20321
20326
20326
20327
20329
20334
20335
20338
20339
20340
20349
20354
20356
20356
20359
20360
20364
20365
20366
20379
20396
20401
20402
20402
20413
20414
20423
20427
20439
20441
20451
20459
20470
20480
20483
20485
20485
20486
20490
20491
20491
20492
20496
20497
20498
20510
20511
20521
20529
20532
20532
20542
20545
20547
20550
20553
20554
20567
20569
20571
20598
20611
20616
20626
20626
20626
20629
20634
20634
20637
20638
20639
20642
20644
20648
20648
20649
20650
20651
20661
20661
20672
20676
20680
20681
20690
20692
20694
20694
20697
20722
20722
20722
20723
20724
20726
20730
20731
20738
20744
20747
20748
20748
20750
20756
20768
20769
20770
20774
20774
20775
20777
20778
20780
20786
20788
20790
20790
20793
20794
20798
20799
20799
20800
20805
20808
20813
20816
20825
20831
20835
20835
20837
20840
20844
20845
20847
20848
20858
20859
20861
20865
20866
20872
20872
20878
20879
20881
20882
20883
20892
20906
20910
20928
20933
20933
20938
20940
20942
20947
20948
20948
20948
20951
20961
20964
20965
20975
20978
20982
20992
20997
20999
21013
21018
21019
21029
21029
21032
21042
21043
21043
21053
21054
21061
21063
21069
21071
21072
21073
21082
21084
21096
21096
21099
21099
21101
21102
21114
21115
21116
21119
21120
21120
21122
21123
21130
21136
21136
21140
21157
21165
21166
21167
21172
21174
21180
21182
21185
21187
21192
21196
21198
21200
21201
21203
21211
21215
21224
21226
21236
21242
21244
21246
21247
21253
21268
21276
21283
21285
21292
21294
21295
21298
21298
21301
21304
21307
21307
21309
21314
21316
21317
21320
21326
21337
21339
21341
21342
21348
21349
21351
21354
21359
21362
21363
21364
21366
21386
21388
21388
21394
21398
21399
21400
21401
21404
21408
21410
21411
21412
21420
21420
21421
21423
21424
21424
21425
21426
21439
21440
21440
21452
21454
21467
21472
21473
21476
21479
21483
21486
21486
21487
21488
21489
21497
21498
21500
21502
21503
21504
21509
21509
21511
21521
21522
21523
21527
21527
21530
21534
21540
21544
21549
21551
21552
21555
21555
21559
21559
21560
21562
21563
21572
21573
21589
21592
21593
21599
21600
21602
21605
21606
21612
21613
21616
21620
21620
21622
21629
21632
21633
21635
21635
21657
21659
21662
21666
21668
21673
21673
21675
21679
21680
21683
21683
21686
21687
21687
21688
21690
21691
21692
21707
21709
21714
21716
21722
21730
21731
21749
21755
21756
21763
21764
21767
21771
21792
21801
21804
21806
21807
21809
21810
21812
21814
21818
21826
21843
21843
21844
21851
21852
21856
21861
21863
21867
21870
21881
21886
21895
21905
21905
21909
21912
21918
21931
21932
21938
21938
21941
21947
21956
21972
21976
21985
21985
21988
21992
21998
22009
22011
22012
22013
22017
22027
22043
22045
22051
22060
22062
22067
22069
22081
22082
22085
22089
22094
22094
22095
22100
22103
22108
22111
22114
22118
22124
22125
22125
22130
22135
22140
22141
22142
22145
22146
22149
22149
22161
22163
22165
22167
22170
22179
22179
22180
22182
22182
22189
22192
22194
22206
22215
22221
22229
22231
22232
22237
22238
22244
22246
22248
22250
22251
22252
22256
22257
22258
22265
22266
22271
22272
22276
22276
22281
22283
22289
22290
22292
22292
22295
22295
22298
22299
22304
22305
22312
22320
22325
22329
22336
22345
22354
22355
22366
22373
22375
22376
22377
22379
22380
22380
22387
22394
22397
22402
22402
22405
22408
22418
22423
22424
22424
22428
22429
22429
22436
22437
22444
22444
22445
22446
22450
22451
22451
22460
22470
22472
22479
22480
22481
22486
22498
22509
22512
22513
22516
22519
22525
22527
22527
22529
22532
22535
22537
22541
22550
22552
22556
22559
22561
22563
22564
22567
22569
22570
22582
22585
22594
22595
22597
22597
22597
22598
22599
22602
22608
22613
22617
22618
22620
22624
22625
22632
22637
22638
22645
22645
22646
22647
22658
22661
22677
22680
22681
22685
22690
22695
22696
22698
22702
22702
22706
22708
22709
22711
22717
22724
22732
22737
22752
22754
22757
22761
22764
22767
22775
22795
22801
22801
22801
22804
22806
22808
22813
22814
22815
22815
22831
22833
22858
22865
22866
22868
22868
22873
22873
22878
22880
22880
22882
22887
22893
22917
22918
22923
22923
22935
22942
22943
22943
22952
22953
22953
22955
22955
22969
22974
22976
22977
22979
22981
22981
22981
22983
22991
22991
22992
23002
23006
23009
23013
23015
23015
23016
23020
23021
23021
23028
23029
23031
23032
23036
23039
23041
23041
23046
23047
23050
23059
23059
23060
23069
23074
23075
23078
23078
23079
23083
23086
23086
23092
23094
23107
23114
23115
23117
23119
23120
23123
23124
23125
23137
23138
23142
23144
23147
23156
23159
23159
23161
23162
23166
23182
23188
23194
23196
23201
23202
23202
23214
23221
23240
23241
23249
23252
23254
23255
23255
23255
23255
23256
23261
23262
23276
23281
23282
23291
23292
23294
23298
23303
23308
23311
23324
23327
23329
23340
23351
23352
23355
23364
23366
23369
23369
23373
23374
23382
23384
23387
23388
23389
23389
23391
23395
23397
23401
23405
23408
23409
23410
23417
23419
23444
23449
23458
23461
23464
23465
23470
23470
23481
23482
23484
23485
23491
23496
23499
23500
23526
23538
23541
23555
23555
23561
23585
23586
23587
23599
23606
23606
23606
23609
23612
23614
23617
23620
23621
23621
23627
23629
23631
23634
23634
23637
23642
23646
23651
23654
23656
23664
23664
23669
23672
23673
23680
23684
23685
23691
23691
23703
23703
23703
23709
23710
23712
23712
23713
23714
23722
23731
23734
23736
23744
23747
23750
23751
23753
23755
23760
23763
23767
23767
23773
23779
23785
23786
23788
23791
23794
23801
23803
23811
23821
23823
23824
23827
23827
23829
23830
23837
23839
23841
23845
23847
23853
23857
23857
23867
23872
23872
23874
23879
23884
23894
23895
23897
23898
23907
23923
23926
23931
23937
23942
23946
23950
23971
23980
23980
23981
23982
23982
23983
23983
23985
23991
23994
23995
23999
24003
24003
24004
24005
24007
24009
24013
24017
24018
24019
24020
24025
24025
24026
24026
24029
24033
24041
24044
24045
24057
24059
24064
24066
24071
24075
24078
24084
24095
24096
24105
24107
24108
24111
24123
24124
24129
24130
24133
24134
24136
24139
24139
24145
24146
24149
24156
24163
24163
24164
24166
24174
24175
24179
24184
24188
24192
24192
24198
24206
24208
24221
24228
24230
24230
24231
24232
24236
24242
24260
24266
24266
24268
24269
24273
24273
24279
24283
24284
24285
24288
24298
24298
24305
24306
24306
24310
24312
24315
24315
24317
24325
24326
24328
24331
24335
24338
24340
24341
24341
24354
24359
24359
24359
24359
24362
24362
24367
24368
24368
24369
24371
24376
24386
24387
24388
24395
24402
24407
24410
24418
24421
24424
24425
24425
24425
24428
24430
24434
24453
24462
24470
24471
24471
24486
24490
24494
24499
24507
24513
24516
24518
24518
24521
24524
24533
24535
24552
24553
24560
24569
24576
24581
24587
24589
24590
24593
24598
24602
24603
24608
24609
24616
24620
24622
24623
24625
24630
24634
24635
24638
24644
24645
24645
24657
24660
24669
24680
24681
24682
24687
24688
24691
24695
24699
24699
24700
24706
24708
24713
24725
24731
24732
24751
24751
24755
24755
24765
24765
24766
24774
24775
24777
24783
24790
24796
24804
24807
24808
24818
24819
24820
24833
24838
24840
24841
24845
24849
24854
24856
24856
24857
24860
24868
24872
24874
24878
24883
24886
24888
24888
24889
24889
24891
24894
24900
24903
24904
24909
24910
24910
24919
24926
24940
24942
24943
24944
24949
24951
24956
24956
24966
24971
24973
24978
24984
24992
24993
24996
24998
24999
25004
25007
25011
25011
25012
25013
25013
25025
25026
25031
25034
25037
25038
25042
25046
25050
25051
25055
25063
25072
25078
25082
25086
25092
25101
25103
25103
25106
25117
25122
25124
25132
25152
25158
25163
25170
25172
25173
25177
25180
25196
25210
25211
25215
25219
25224
25236
25251
25256
25257
25262
25262
25268
25273
25283
25295
25301
25302
25302
25304
25304
25305
25310
25331
25337
25341
25342
25353
25360
25362
25362
25383
25400
25400
25403
25404
25410
25421
25426
25430
25438
25440
25442
25443
25454
25456
25460
25462
25463
25466
25474
25477
25482
25484
25488
25505
25505
25511
25520
25521
25521
25522
25539
25542
25555
25558
25560
25560
25561
25565
25572
25575
25580
25584
25587
25588
25594
25603
25604
25605
25614
25621
25622
25629
25631
25633
25635
25637
25640
25642
25647
25650
25656
25657
25658
25660
25661
25664
25669
25677
25686
25686
25687
25697
25700
25703
25718
25721
25734
25741
25742
25747
25754
25755
25757
25763
25763
25764
25765
25785
25787
25792
25800
25815
25818
25821
25821
25822
25830
25830
25832
25835
25836
25840
25847
25848
25848
25851
25859
25863
25869
25875
25882
25883
25885
25887
25889
25892
25893
25895
25899
25900
25906
25907
25910
25911
25915
25918
25941
25943
25945
25946
25950
25962
25964
25972
25978
25981
25986
26000
26002
26003
26008
26017
26030
26034
26036
26047
26047
26048
26051
26052
26059
26062
26064
26069
26073
26075
26078
26079
26089
26094
26101
26111
26113
26116
26117
26123
26125
26138
26138
26143
26153
26163
26164
26165
26178
26180
26181
26185
26186
26191
26191
26196
26204
26204
26207
26208
26211
26215
26217
26227
26229
26233
26235
26243
26244
26252
26254
26260
26265
26274
26277
26281
26281
26282
26283
26285
26288
26290
26319
26326
26330
26334
26334
26334
26335
26335
26335
26341
26342
26344
26351
26353
26365
26367
26372
26374
26375
26377
26382
26383
26398
26400
26403
26408
26411
26413
26413
26416
26416
26418
26426
26429
26437
26437
26440
26448
26451
26452
26452
26465
26467
26467
26472
26477
26477
26479
26498
26503
26504
26505
26506
26509
26515
26518
26518
26520
26525
26525
26526
26529
26530
26531
26534
26541
26541
26542
26546
26548
26550
26559
26560
26560
26560
26567
26568
26570
26576
26581
26583
26584
26585
26588
26606
26606
26606
26611
26615
26616
26620
26630
26631
26636
26639
26641
26643
26649
26652
26663
26665
26667
26668
26670
26671
26676
26677
26677
26682
26685
26697
26697
26699
26702
26703
26708
26718
26727
26739
26742
26752
26752
26756
26758
26759
26770
26770
26783
26783
26790
26796
26798
26804
26807
26808
26813
26822
26822
26829
26830
26831
26833
26835
26842
26849
26849
26861
26865
26868
26868
26869
26871
26872
26872
26877
26893
26893
26895
26899
26901
26906
26912
26913
26914
26916
26925
26931
26931
26934
26935
26936
26940
26942
26943
26945
26951
26953
26954
26955
26957
26970
26973
26973
26977
26978
26986
26989
26992
26997
27000
27002
27004
27004
27004
27009
27009
27012
27015
27021
27032
27043
27052
27055
27056
27056
27061
27063
27066
27082
27084
27091
27094
27097
27097
27110
27116
27117
27120
27125
27128
27151
27156
27157
27159
27165
27179
27184
27197
27199
27200
27204
27204
27206
27207
27208
27212
27212
27221
27222
27228
27229
27231
27235
27238
27241
27245
27250
27260
27268
27269
27274
27275
27289
27293
27295
27303
27314
27328
27329
27330
27332
27334
27339
27343
27356
27362
27364
27365
27373
27377
27378
27381
27385
27386
27386
27403
27406
27412
27415
27419
27425
27426
27427
27439
27450
27451
27452
27454
27454
27464
27465
27468
27468
27479
27480
27482
27488
27489
27489
27489
27496
27504
27504
27508
27512
27515
27518
27520
27523
27524
27529
27536
27540
27544
27546
27548
27552
27571
27580
27594
27599
27601
27603
27603
27605
27609
27616
27630
27633
27641
27645
27647
27655
27659
27661
27666
27667
27668
27669
27674
27677
27678
27678
27692
27696
27697
27700
27706
27707
27713
27716
27717
27720
27726
27726
27729
27733
27751
27755
27755
27760
27768
27768
27769
27770
27772
27774
27777
27782
27782
27784
27792
27811
27812
27813
27815
27823
27840
27840
27856
27860
27864
27866
27867
27869
27871
27871
27876
27879
27882
27882
27882
27895
27896
27899
27900
27913
27916
27928
27934
27939
27948
27948
27951
27952
27958
27965
27974
27981
27982
27986
28003
28003
28004
28006
28007
28009
28016
28021
28026
28028
28034
28042
28051
28053
28062
28070
28071
28086
28089
28098
28099
28106
28107
28114
28117
28119
28120
28126
28129
28140
28145
28146
28147
28147
28171
28175
28178
28185
28190
28193
28194
28198
28205
28205
28206
28209
28217
28221
28227
28227
28228
28231
28236
28239
28239
28244
28250
28251
28259
28263
28269
28270
28277
28282
28283
28284
28285
28287
28293
28299
28315
28323
28325
28325
28326
28336
28336
28338
28340
28346
28350
28358
28361
28364
28370
28372
28373
28373
28381
28387
28390
28398
28401
28402
28403
28406
28422
28423
28424
28433
28434
28441
28452
28453
28455
28482
28483
28486
28490
28500
28500
28506
28510
28522
28522
28525
28525
28534
28538
28539
28541
28541
28545
28547
28550
28554
28555
28561
28563
28564
28570
28570
28571
28575
28576
28579
28584
28586
28586
28590
28594
28614
28619
28631
28632
28634
28635
28645
28646
28659
28662
28669
28674
28675
28680
28682
28683
28689
28689
28698
28712
28713
28718
28718
28720
28722
28726
28731
28731
28734
28746
28752
28757
28762
28763
28765
28766
28780
28789
28796
28798
28798
28798
28801
28807
28811
28816
28818
28819
28824
28825
28828
28830
28832
28837
28838
28838
28843
28847
28852
28859
28870
28871
28873
28878
28878
28884
28885
28888
28893
28893
28894
28895
28902
28903
28905
28906
28907
28913
28925
28927
28927
28929
28936
28936
28943
28951
28954
28956
28957
28959
28971
28980
28981
28981
28983
28989
28999
28999
29001
29014
29017
29020
29023
29026
29030
29033
29044
29048
29049
29054
29056
29056
29059
29063
29066
29067
29070
29077
29080
29083
29086
29088
29093
29097
29097
29102
29106
29109
29115
29125
29129
29136
29139
29146
29148
29149
29151
29156
29160
29160
29163
29164
29165
29165
29171
29177
29179
29182
29191
29192
29202
29203
29209
29212
29212
29216
29218
29219
29220
29221
29228
29232
29233
29236
29250
29252
29257
29261
29265
29270
29273
29274
29281
29283
29295
29298
29298
29303
29304
29313
29324
29330
29332
29333
29352
29353
29355
29365
29369
29369
29371
29372
29372
29373
29389
29391
29397
29399
29404
29406
29412
29414
29423
29430
29432
29437
29442
29446
29446
29451
29459
29461
29464
29474
29482
29482
29488
29491
29492
29492
29497
29501
29502
29505
29509
29512
29524
29537
29542
29547
29556
29558
29561
29563
29567
29568
29570
29571
29574
29575
29577
29582
29587
29595
29598
29602
29603
29606
29606
29606
29608
29612
29614
29615
29617
29620
29624
29633
29638
29640
29646
29652
29652
29655
29656
29659
29662
29668
29679
29690
29690
29696
29698
29701
29701
29702
29702
29704
29709
29710
29711
29716
29716
29724
29724
29728
29732
29737
29742
29746
29748
29748
29749
29750
29752
29753
29773
29776
29778
29779
29782
29782
29783
29784
29791
29792
29795
29799
29803
29817
29817
29824
29825
29829
29833
29837
29842
29844
29855
29861
29863
29866
29875
29876
29881
29889
29889
29896
29900
29906
29916
29917
29917
29918
29920
29928
29930
29933
29934
29940
29946
29947
29950
29956
29963
29964
29966
29972
29976
29978
29980
29985
29988
29999
30015
30019
30024
30026
30029
30036
30037
30037
30044
30045
30053
30056
30064
30064
30065
30065
30072
30076
30084
30086
30088
30107
30110
30112
30122
30125
30126
30130
30130
30131
30134
30134
30136
30138
30138
30140
30145
30148
30148
30152
30161
30165
30165
30167
30172
30173
30180
30182
30183
30183
30193
30205
30206
30212
30214
30214
30229
30230
30230
30231
30243
30245
30254
30255
30256
30264
30265
30268
30276
30282
30284
30285
30290
30302
30311
30312
30313
30314
30328
30337
30342
30343
30344
30345
30346
30351
30354
30356
30358
30365
30369
30371
30374
30375
30375
30380
30380
30382
30383
30384
30386
30390
30392
30398
30399
30402
30403
30406
30406
30407
30409
30413
30414
30421
30425
30432
30441
30445
30447
30452
30453
30460
30464
30465
30466
30468
30469
30479
30480
30488
30493
30495
30495
30496
30497
30500
30505
30507
30508
30510
30511
30516
30517
30522
30524
30530
30531
30531
30540
30541
30549
30556
30561
30570
30576
30578
30586
30592
30612
30614
30618
30622
30624
30626
30632
30635
30635
30637
30638
30641
30651
30656
30659
30661
30672
30678
30683
30686
30688
30689
30690
30691
30694
30698
30701
30702
30706
30711
30716
30718
30719
30726
30733
30734
30735
30736
30737
30743
30746
30748
30749
30755
30761
30766
30766
30768
30780
30782
30784
30802
30806
30811
30815
30817
30818
30826
30828
30829
30832
30835
30842
30853
30855
30858
30858
30860
30863
30863
30867
30877
30878
30879
30884
30884
30886
30888
30888
30898
30901
30902
30902
30907
30908
30908
30910
30913
30916
30919
30922
30937
30940
30941
30941
30943
30943
30947
30957
30957
30958
30965
30971
30985
30986
30990
30991
30997
30999
31007
31014
31015
31017
31017
31018
31018
31019
31021
31031
31031
31032
31035
31041
31044
31044
31047
31050
31050
31057
31059
31062
31068
31068
31069
31075
31077
31080
31082
31086
31097
31101
31104
31104
31108
31112
31116
31118
31118
31125
31127
31130
31131
31134
31134
31138
31140
31144
31147
31150
31155
31156
31159
31161
31167
31177
31180
31182
31183
31184
31184
31186
31189
31192
31193
31196
31202
31209
31214
31218
31227
31232
31235
31242
31246
31273
31277
31278
31280
31282
31283
31290
31291
31294
31294
31303
31304
31304
31309
31309
31311
31313
31315
31318
31339
31343
31344
31346
31351
31355
31355
31365
31367
31369
31378
31378
31384
31385
31398
31399
31412
31419
31424
31424
31427
31427
31430
31431
31432
31440
31440
31445
31446
31451
31452
31453
31454
31457
31463
31471
31471
31476
31480
31481
31483
31492
31501
31504
31507
31511
31514
31518
31525
31525
31531
31533
31534
31538
31550
31556
31557
31557
31565
31566
31580
31580
31588
31593
31595
31601
31604
31604
31604
31608
31608
31609
31609
31612
31615
31615
31619
31624
31628
31630
31633
31634
31634
31636
31640
31645
31645
31658
31659
31668
31671
31676
31677
31679
31681
31684
31688
31701
31710
31710
31712
31715
31717
31728
31732
31735
31738
31738
31739
31745
31748
31750
31751
31755
31757
31763
31768
31773
31778
31780
31781
31782
31787
31788
31788
31792
31795
31796
31798
31799
31808
31810
31817
31818
31819
31830
31836
31842
31846
31848
31861
31873
31876
31883
31884
31884
31890
31893
31896
31896
31897
31897
31900
31906
31909
31910
31912
31915
31916
31927
31935
31938
31946
31948
31958
31960
31960
31964
31966
31968
31971
31973
31973
31976
31977
31985
31985
31986
31987
31989
31999
32001
32002
32018
32031
32040
32043
32043
32047
32051
32052
32053
32060
32066
32066
32073
32074
32078
32078
32082
32086
32086
32091
32093
32094
32095
32096
32103
32108
32109
32113
32118
32125
32129
32132
32132
32139
32139
32139
32145
32145
32147
32149
32151
32151
32151
32158
32161
32167
32169
32172
32172
32190
32191
32194
32195
32203
32205
32206
32216
32216
32221
32223
32225
32226
32232
32232
32236
32238
32238
32251
32253
32255
32257
32260
32261
32262
32271
32273
32274
32277
32281
32287
32288
32295
32302
32306
32317
32319
32320
32326
32334
32336
32337
32340
32343
32346
32365
32366
32371
32376
32387
32395
32396
32399
32400
32404
32404
32409
32409
32412
32413
32416
32416
32417
32418
32420
32425
32427
32432
32437
32440
32445
32446
32451
32453
32453
32453
32456
32461
32484
32484
32491
32493
32494
32495
32498
32504
32515
32519
32521
32524
32535
32538
32541
32545
32551
32553
32559
32569
32569
32570
32571
32579
32581
32582
32582
32582
32591
32593
32595
32599
32599
32601
32604
32604
32613
32613
32614
32617
32622
32623
32635
32643
32652
32659
32666
32670
32670
32672
32673
32677
32681
32683
32689
32692
32696
32696
32702
32706
32717
32718
32720
32722
32727
32728
32734
32735
32745
32745
32753
32753
32757
32763
32767
32772
32776
32777
32785
32788
32795
32800
32801
32802
32802
32804
32807
32809
32811
32811
32817
32824
32831
32832
32841
32841
32845
32849
32849
32854
32855
32856
32877
32877
32881
32892
32893
32896
32898
32898
32902
32903
32903
32903
32907
32908
32909
32914
32914
32915
32919
32921
32924
32933
32935
32935
32939
32944
32947
32951
32955
32962
32963
32969
32969
32972
32974
32975
32983
32989
32993
32998
33000
33002
33002
33009
33012
33012
33012
33019
33019
33021
33022
33026
33029
33029
33041
33041
33049
33049
33050
33053
33059
33061
33062
33065
33073
33075
33076
33077
33079
33079
33089
33090
33098
33098
33099
33099
33102
33106
33107
33111
33118
33121
33125
33127
33130
33137
33149
33158
33190
33194
33194
33198
33198
33207
33211
33219
33228
33228
33238
33241
33242
33249
33250
33251
33254
33255
33270
33274
33279
33300
33303
33303
33308
33308
33317
33317
33318
33326
33328
33331
33348
33354
33358
33360
33361
33381
33382
33382
33383
33394
33395
33399
33405
33406
33407
33414
33415
33420
33420
33422
33424
33424
33426
33429
33434
33446
33453
33457
33457
33469
33471
33481
33493
33495
33499
33525
33529
33536
33545
33549
33549
33550
33551
33552
33560
33563
33573
33577
33579
33579
33582
33582
33583
33585
33585
33587
33590
33598
33608
33616
33628
33630
33638
33639
33640
33643
33643
33648
33650
33655
33661
33662
33664
33667
33670
33670
33671
33672
33674
33677
33682
33685
33686
33694
33696
33697
33698
33704
33706
33707
33707
33710
33711
33713
33713
33713
33715
33731
33734
33735
33739
33743
33743
33748
33755
33755
33757
33760
33771
33774
33782
33786
33787
33788
33795
33795
33797
33798
33800
33800
33807
33816
33818
33823
33824
33827
33828
33828
33846
33847
33847
33848
33848
33851
33853
33859
33861
33862
33879
33884
33891
33899
33906
33906
33907
33913
33918
33926
33928
33928
33932
33939
33941
33943
33947
33952
33952
33957
33962
33965
33965
33987
33990
33991
33991
33994
33994
34000
34004
34011
34013
34017
34021
34026
34027
34037
34039
34041
34046
34050
34051
34053
34054
34085
34100
34103
34108
34110
34121
34129
34133
34135
34139
34153
34161
34162
34162
34171
34177
34188
34189
34191
34192
34194
34200
34201
34201
34206
34207
34208
34212
34220
34227
34233
34236
34241
34245
34246
34251
34256
34257
34267
34272
34281
34282
34283
34284
34286
34288
34294
34297
34299
34302
34305
34305
34307
34310
34315
34321
34326
34326
34334
34336
34348
34354
34356
34370
34378
34379
34384
34392
34393
34397
34397
34398
34408
34409
34412
34415
34416
34417
34420
34424
34425
34425
34426
34427
34428
34430
34430
34431
34434
34441
34443
34452
34455
34460
34462
34463
34464
34466
34470
34483
34489
34492
34494
34498
34504
34504
34515
34519
34519
34520
34523
34528
34531
34538
34540
34541
34542
34545
34546
34546
34548
34549
34549
34554
34556
34564
34568
34573
34575
34578
34580
34583
34594
34596
34599
34603
34605
34617
34633
34637
34641
34654
34655
34656
34661
34669
34671
34672
34674
34678
34682
34682
34683
34695
34702
34707
34711
34713
34731
34734
34741
34741
34755
34756
34762
34771
34772
34773
34773
34773
34773
34779
34785
34787
34797
34800
34802
34804
34805
34808
34810
34810
34812
34813
34822
34828
34828
34843
34847
34849
34855
34858
34866
34871
34871
34871
34873
34874
34878
34878
34885
34886
34892
34894
34897
34898
34904
34904
34905
34906
34909
34911
34920
34924
34925
34931
34931
34932
34939
34941
34948
34953
34953
34968
34978
34982
34983
34983
34988
34990
34999
35000
35001
35003
35004
35009
35013
35016
35017
35021
35022
35027
35030
35037
35042
35044
35045
35047
35050
35054
35056
35058
35068
35074
35075
35075
35080
35084
35085
35094
35097
35101
35102
35105
35105
35111
35115
35123
35127
35129
35137
35142
35142
35144
35148
35153
35158
35159
35159
35164
35170
35178
35182
35187
35191
35201
35204
35211
35228
35231
35233
35244
35248
35248
35250
35252
35255
35256
35259
35259
35267
35267
35270
35280
35282
35288
35292
35298
35310
35311
35311
35316
35321
35323
35329
35336
35337
35340
35348
35348
35353
35357
35358
35359
35363
35378
35382
35382
35391
35399
35403
35406
35407
35413
35414
35417
35419
35423
35425
35428
35446
35451
35452
35455
35458
35466
35470
35475
35477
35480
35480
35481
35488
35493
35495
35502
35503
35508
35509
35517
35523
35527
35529
35534
35537
35561
35564
35569
35573
35577
35581
35582
35588
35590
35594
35600
35600
35605
35624
35629
35635
35640
35640
35642
35652
35655
35658
35662
35662
35670
35675
35678
35678
35680
35682
35685
35687
35688
35692
35693
35694
35694
35695
35702
35704
35709
35714
35714
35722
35722
35725
35729
35732
35736
35742
35743
35747
35752
35752
35756
35773
35780
35780
35782
35785
35788
35801
35804
35808
35815
35818
35818
35825
35829
35833
35835
35835
35836
35836
35837
35840
35840
35844
35844
35852
35852
35859
35862
35862
35864
35874
35875
35878
35879
35891
35897
35903
35908
35911
35913
35916
35918
35919
35926
35931
35938
35939
35944
35948
35948
35951
35952
35952
35953
35953
35968
35968
35968
35970
35981
35981
35983
35991
35997
36000
36003
36007
36008
36011
36031
36031
36032
36032
36034
36045
36050
36053
36053
36057
36059
36064
36066
36067
36068
36069
36071
36072
36091
36098
36100
36103
36113
36116
36123
36126
36126
36128
36132
36142
36146
36146
36159
36160
36163
36167
36168
36172
36176
36176
36182
36184
36186
36193
36193
36200
36202
36207
36208
36210
36213
36218
36219
36221
36225
36228
36234
36237
36245
36247
36248
36249
36263
36267
36271
36272
36274
36281
36282
36282
36285
36285
36287
36292
36296
36296
36299
36300
36303
36304
36310
36312
36312
36327
36337
36346
36347
36354
36357
36360
36367
36371
36372
36374
36377
36382
36390
36395
36397
36403
36404
36410
36411
36413
36414
36417
36419
36420
36422
36425
36432
36436
36442
36455
36460
36484
36487
36495
36501
36505
36507
36510
36510
36515
36515
36518
36528
36535
36541
36542
36549
36549
36560
36562
36565
36572
36578
36582
36583
36588
36588
36591
36593
36598
36601
36603
36604
36608
36609
36612
36620
36626
36632
36633
36634
36634
36649
36649
36663
36671
36679
36682
36683
36685
36694
36696
36699
36700
36703
36703
36716
36721
36725
36730
36738
36749
36752
36753
36753
36756
36769
36769
36772
36773
36777
36785
36787
36788
36789
36792
36798
36803
36819
36820
36821
36822
36824
36827
36832
36833
36851
36853
36856
36859
36860
36863
36870
36876
36881
36886
36889
36891
36894
36900
36901
36906
36909
36910
36910
36912
36917
36929
36935
36958
36959
36960
36961
36966
36968
36971
36977
36987
36991
37000
37006
37007
37008
37011
37012
37015
37029
37033
37038
37043
37043
37056
37058
37062
37066
37067
37069
37072
37073
37076
37078
37078
37079
37082
37083
37090
37096
37099
37105
37110
37116
37125
37128
37128
37132
37142
37143
37147
37149
37165
37166
37180
37187
37190
37196
37208
37215
37218
37221
37222
37229
37232
37236
37237
37238
37248
37254
37255
37257
37265
37271
37280
37282
37287
37289
37291
37295
37298
37305
37305
37308
37311
37312
37314
37322
37323
37328
37330
37331
37335
37335
37337
37337
37340
37341
37343
37353
37353
37358
37359
37360
37365
37366
37367
37369
37371
37372
37373
37385
37386
37389
37390
37397
37399
37402
37407
37409
37413
37418
37420
37424
37427
37435
37436
37443
37463
37473
37479
37484
37485
37485
37498
37499
37501
37502
37503
37511
37512
37512
37520
37523
37525
37528
37529
37531
37532
37533
37543
37548
37557
37558
37562
37579
37579
37580
37581
37582
37585
37590
37600
37604
37605
37607
37611
37613
37616
37621
37621
37621
37636
37644
37646
37649
37649
37649
37650
37653
37654
37661
37664
37667
37668
37677
37678
37679
37681
37681
37693
37701
37703
37705
37709
37709
37711
37713
37715
37719
37720
37723
37730
37730
37735
37735
37735
37737
37738
37739
37740
37743
37744
37745
37752
37753
37764
37778
37780
37783
37786
37791
37797
37802
37802
37811
37812
37812
37816
37816
37819
37822
37823
37824
37826
37827
37829
37831
37834
37836
37839
37841
37842
37843
37849
37852
37854
37856
37857
37862
37865
37869
37885
37891
37893
37901
37902
37912
37924
37924
37931
37935
37939
37942
37942
37943
37947
37955
37960
37963
37970
37976
37986
37988
37993
37999
38003
38007
38009
38010
38012
38013
38017
38033
38035
38043
38055
38064
38064
38073
38073
38077
38088
38091
38101
38105
38107
38109
38110
38111
38111
38112
38113
38119
38120
38122
38124
38127
38128
38128
38128
38137
38153
38156
38161
38163
38167
38174
38175
38183
38184
38185
38189
38191
38194
38195
38196
38202
38208
38209
38210
38214
38217
38220
38222
38232
38232
38236
38241
38242
38249
38254
38263
38263
38264
38267
38268
38273
38275
38277
38279
38294
38296
38298
38303
38305
38306
38309
38309
38311
38313
38316
38322
38323
38324
38330
38331
38332
38335
38339
38340
38341
38344
38345
38348
38351
38351
38360
38365
38366
38366
38374
38376
38385
38388
38389
38392
38397
38398
38400
38401
38403
38408
38409
38417
38419
38427
38431
38442
38449
38459
38462
38468
38472
38473
38477
38480
38489
38497
38504
38506
38508
38517
38518
38518
38518
38523
38525
38531
38537
38542
38545
38546
38549
38549
38559
38559
38562
38562
38567
38567
38568
38570
38574
38583
38586
38593
38597
38604
38607
38610
38618
38620
38628
38631
38631
38635
38638
38640
38640
38641
38641
38641
38644
38646
38653
38658
38660
38661
38663
38666
38672
38680
38688
38693
38693
38693
38695
38695
38695
38697
38697
38698
38703
38705
38706
38710
38714
38716
38727
38728
38730
38734
38736
38740
38741
38744
38748
38749
38752
38755
38759
38766
38770
38771
38783
38791
38791
38794
38794
38796
38797
38798
38800
38800
38801
38806
38807
38807
38809
38821
38826
38826
38827
38837
38840
38848
38850
38851
38853
38859
38861
38865
38877
38879
38881
38890
38912
38919
38919
38923
38924
38935
38936
38937
38938
38946
38947
38948
38951
38956
38956
38970
38977
38980
38981
38987
38988
38989
38989
38994
39000
39001
39005
39014
39022
39037
39037
39046
39051
39053
39053
39056
39056
39060
39062
39068
39068
39071
39071
39074
39078
39082
39084
39084
39085
39092
39094
39094
39095
39116
39118
39121
39124
39128
39131
39132
39135
39136
39138
39141
39147
39150
39176
39176
39178
39194
39197
39201
39201
39203
39211
39213
39222
39223
39224
39225
39226
39227
39249
39251
39252
39253
39254
39256
39259
39264
39266
39277
39281
39283
39286
39286
39300
39307
39313
39339
39344
39345
39346
39347
39350
39364
39365
39370
39378
39381
39401
39401
39407
39408
39415
39434
39436
39444
39450
39453
39453
39460
39466
39468
39473
39474
39474
39478
39491
39493
39495
39521
39521
39524
39525
39527
39529
39535
39537
39537
39539
39546
39550
39558
39561
39561
39565
39575
39585
39586
39587
39589
39589
39592
39597
39605
39608
39615
39621
39624
39630
39634
39641
39645
39645
39645
39647
39659
39664
39667
39667
39684
39685
39689
39690
39692
39692
39696
39702
39704
39705
39709
39710
39710
39713
39728
39733
39737
39742
39745
39748
39751
39752
39756
39757
39764
39770
39776
39778
39783
39785
39789
39793
39793
39797
39799
39809
39811
39815
39821
39821
39824
39830
39834
39839
39842
39854
39857
39859
39860
39861
39865
39866
39871
39874
39877
39878
39888
39892
39893
39897
39907
39909
39911
39911
39912
39913
39915
39921
39925
39928
39931
39933
39935
39938
39951
39955
39965
39966
39969
39977
39978
39991
39999
40002
40002
40006
40017
40022
40023
40023
40025
40029
40036
40040
40040
40044
40049
40050
40051
40055
40059
40059
40062
40079
40085
40085
40092
40094
40095
40095
40102
40106
40124
40130
40132
40136
40137
40140
40143
40148
40148
40150
40151
40152
40168
40173
40178
40183
40185
40187
40191
40197
40207
40207
40212
40220
40223
40227
40228
40229
40231
40233
40234
40235
40238
40240
40249
40258
40259
40259
40265
40267
40269
40271
40274
40274
40275
40276
40278
40278
40278
40278
40280
40286
40287
40292
40298
40304
40305
40305
40308
40308
40312
40314
40315
40317
40320
40325
40331
40333
40336
40343
40348
40354
40355
40358
40363
40366
40371
40386
40391
40392
40402
40406
40407
40409
40415
40415
40417
40419
40419
40419
40423
40424
40424
40427
40430
40435
40443
40443
40445
40449
40450
40450
40450
40453
40453
40455
40459
40463
40467
40470
40476
40478
40484
40486
40487
40488
40489
40495
40498
40506
40506
40508
40510
40517
40521
40523
40524
40528
40543
40546
40547
40547
40551
40552
40558
40559
40561
40562
40563
40566
40566
40567
40582
40582
40590
40590
40595
40597
40600
40601
40601
40606
40610
40617
40620
40622
40626
40632
40649
40650
40653
40656
40660
40661
40663
40663
40665
40668
40674
40683
40688
40691
40692
40692
40700
40703
40705
40713
40725
40732
40734
40744
40751
40752
40753
40754
40755
40770
40773
40776
40777
40795
40800
40803
40808
40808
40811
40813
40815
40816
40821
40833
40835
40836
40837
40851
40859
40859
40863
40867
40872
40875
40876
40887
40888
40894
40916
40917
40919
40921
40922
40924
40925
40928
40933
40935
40937
40940
40941
40948
40955
40957
40968
40969
40991
40996
40996
40996
41004
41006
41007
41009
41011
41012
41015
41030
41031
41036
41037
41038
41040
41043
41052
41055
41058
41058
41063
41069
41069
41071
41071
41072
41076
41078
41079
41091
41092
41093
41096
41100
41102
41104
41106
41108
41109
41111
41117
41118
41122
41122
41126
41129
41132
41143
41143
41145
41146
41148
41149
41153
41155
41157
41159
41162
41164
41165
41165
41169
41170
41172
41172
41175
41176
41178
41186
41189
41189
41194
41197
41199
41203
41206
41209
41212
41213
41216
41218
41218
41223
41224
41226
41231
41234
41237
41252
41253
41255
41255
41256
41260
41264
41266
41275
41276
41278
41278
41280
41283
41288
41289
41290
41298
41307
41311
41313
41318
41320
41327
41331
41332
41336
41340
41340
41340
41343
41349
41351
41355
41363
41366
41380
41381
41385
41385
41400
41400
41403
41408
41419
41419
41420
41422
41430
41440
41441
41445
41451
41459
41463
41469
41470
41483
41487
41490
41491
41492
41498
41501
41502
41505
41514
41515
41517
41525
41526
41540
41550
41551
41552
41553
41559
41561
41563
41566
41569
41571
41572
41575
41575
41576
41579
41581
41583
41587
41591
41593
41601
41610
41613
41616
41620
41621
41624
41624
41631
41635
41640
41645
41646
41656
41662
41662
41668
41674
41675
41680
41682
41684
41691
41693
41693
41696
41705
41706
41713
41722
41722
41724
41726
41727
41730
41731
41732
41734
41736
41737
41741
41745
41750
41759
41760
41762
41764
41774
41775
41780
41781
41783
41787
41804
41804
41806
41806
41809
41816
41823
41823
41834
41835
41842
41850
41855
41858
41858
41863
41868
41870
41873
41873
41879
41880
41888
41889
41899
41899
41901
41903
41904
41913
41915
41915
41919
41924
41926
41926
41930
41944
41945
41946
41947
41949
41949
41956
41956
41960
41962
41967
41968
41969
41971
41972
41980
41982
41983
41987
41993
42006
42009
42010
42011
42013
42015
42017
42020
42029
42032
42034
42039
42041
42042
42046
42046
42053
42053
42055
42057
42058
42065
42069
42070
42073
42081
42088
42089
42089
42098
42115
42116
42120
42121
42121
42125
42129
42136
42136
42138
42139
42139
42147
42161
42162
42166
42177
42178
42185
42193
42197
42203
42204
42205
42222
42224
42228
42230
42245
42254
42258
42260
42261
42262
42263
42266
42267
42271
42282
42286
42287
42291
42294
42296
42296
42299
42301
42303
42307
42309
42316
42318
42320
42321
42322
42324
42330
42334
42348
42352
42360
42373
42386
42395
42400
42400
42402
42409
42410
42411
42413
42417
42419
42421
42428
42428
42438
42440
42444
42446
42450
42452
42453
42456
42457
42473
42473
42484
42487
42494
42498
42505
42512
42514
42517
42518
42519
42523
42523
42524
42524
42529
42530
42531
42551
42555
42556
42557
42558
42559
42563
42565
42567
42581
42589
42593
42598
42600
42604
42606
42608
42608
42612
42614
42618
42623
42630
42632
42634
42635
42636
42637
42639
42641
42646
42652
42654
42655
42658
42658
42660
42664
42665
42666
42670
42680
42681
42681
42685
42688
42695
42700
42704
42711
42713
42714
42717
42720
42723
42725
42726
42727
42727
42732
42736
42737
42741
42742
42743
42744
42749
42751
42760
42763
42770
42780
42781
42785
42787
42790
42793
42796
42803
42806
42806
42814
42815
42821
42823
42831
42840
42847
42847
42850
42851
42851
42853
42857
42863
42863
42865
42875
42878
42881
42882
42885
42889
42890
42892
42893
42899
42905
42906
42911
42914
42914
42915
42917
42921
42928
42930
42932
42937
42938
42942
42954
42969
42975
42983
42986
42990
42994
42995
42996
42999
43000
43005
43006
43007
43007
43008
43017
43022
43027
43028
43033
43034
43034
43038
43042
43046
43057
43058
43061
43062
43065
43074
43074
43075
43075
43087
43088
43090
43091
43092
43104
43105
43106
43108
43110
43112
43114
43119
43124
43129
43134
43144
43146
43147
43154
43155
43157
43160
43168
43169
43170
43173
43175
43176
43188
43189
43189
43190
43198
43213
43218
43222
43222
43222
43225
43233
43235
43245
43245
43246
43251
43260
43262
43268
43269
43284
43296
43297
43300
43316
43319
43322
43325
43329
43334
43337
43337
43346
43350
43352
43353
43358
43361
43368
43369
43373
43374
43380
43383
43386
43388
43392
43393
43398
43406
43408
43409
43413
43413
43416
43423
43440
43441
43442
43449
43450
43453
43462
43464
43465
43466
43474
43477
43478
43479
43484
43484
43487
43488
43490
43490
43491
43494
43495
43498
43498
43499
43504
43507
43512
43514
43514
43524
43526
43527
43535
43536
43536
43551
43560
43561
43562
43567
43567
43567
43568
43571
43590
43595
43597
43607
43609
43613
43615
43617
43618
43630
43630
43636
43639
43644
43649
43653
43654
43661
43668
43669
43684
43701
43701
43702
43713
43713
43715
43720
43720
43727
43729
43729
43730
43732
43735
43740
43742
43746
43752
43753
43756
43759
43760
43760
43763
43765
43767
43769
43772
43775
43776
43776
43781
43782
43789
43791
43792
43797
43802
43805
43806
43810
43815
43819
43827
43827
43832
43835
43841
43851
43851
43859
43862
43863
43865
43865
43880
43881
43882
43883
43884
43885
43890
43894
43896
43902
43908
43911
43914
43919
43926
43933
43936
43954
43955
43956
43958
43973
43974
43975
43977
43981
43981
43983
43983
43985
43987
43992
44002
44007
44009
44011
44014
44014
44020
44022
44027
44035
44035
44038
44047
44052
44065
44066
44068
44078
44079
44080
44082
44083
44097
44097
44100
44106
44107
44109
44119
44128
44130
44135
44139
44159
44162
44169
44177
44181
44185
44191
44199
44216
44219
44222
44224
44228
44238
44238
44242
44243
44247
44248
44249
44249
44256
44259
44259
44262
44271
44284
44289
44292
44302
44302
44305
44306
44308
44314
44316
44327
44329
44331
44353
44356
44359
44367
44374
44375
44376
44394
44396
44404
44409
44409
44414
44417
44420
44422
44431
44441
44445
44447
44457
44459
44462
44464
44469
44470
44475
44481
44490
44491
44494
44499
44504
44505
44514
44517
44519
44520
44524
44525
44534
44536
44536
44538
44549
44550
44550
44562
44574
44577
44586
44594
44597
44602
44605
44614
44616
44616
44620
44626
44634
44639
44644
44645
44652
44653
44655
44657
44659
44661
44665
44667
44674
44675
44679
44680
44681
44683
44688
44688
44689
44694
44699
44701
44707
44709
44716
44717
44720
44723
44730
44731
44732
44739
44742
44743
44748
44752
44753
44757
44758
44763
44763
44764
44772
44776
44777
44792
44805
44816
44820
44825
44830
44833
44835
44846
44848
44850
44850
44851
44852
44872
44874
44874
44877
44879
44880
44891
44892
44904
44909
44909
44912
44920
44924
44926
44930
44931
44942
44944
44951
44951
44958
44969
44971
44972
44977
44983
44987
44991
44992
44994
44999
45003
45003
45005
45006
45006
45008
45008
45008
45011
45011
45016
45018
45019
45021
45025
45025
45034
45035
45038
45038
45039
45042
45047
45055
45058
45062
45067
45067
45069
45074
45097
45101
45102
45106
45112
45119
45121
45121
45124
45125
45125
45131
45134
45135
45139
45139
45144
45147
45148
45152
45157
45159
45167
45171
45181
45185
45189
45192
45194
45196
45197
45199
45205
45209
45213
45215
45220
45221
45225
45226
45229
45230
45232
45239
45241
45246
45257
45260
45262
45263
45267
45275
45277
45280
45282
45305
45306
45309
45310
45314
45315
45322
45323
45331
45337
45347
45347
45356
45361
45361
45364
45364
45365
45365
45375
45375
45381
45382
45384
45397
45401
45402
45406
45408
45411
45416
45418
45421
45428
45429
45435
45438
45442
45451
45453
45453
45466
45466
45467
45468
45472
45474
45474
45475
45476
45478
45479
45479
45480
45483
45484
45486
45486
45489
45489
45491
45492
45493
45501
45503
45505
45506
45509
45511
45524
45534
45535
45547
45551
45551
45553
45557
45560
45561
45561
45562
45571
45577
45583
45586
45603
45603
45607
45609
45609
45612
45613
45616
45618
45622
45633
45638
45642
45647
45648
45653
45657
45664
45665
45677
45681
45685
45690
45691
45696
45705
45710
45718
45718
45722
45723
45724
45724
45726
45753
45756
45758
45759
45763
45764
45785
45790
45791
45796
45802
45805
45808
45810
45810
45811
45816
45825
45829
45830
45833
45838
45845
45850
45851
45853
45861
45863
45871
45874
45889
45891
45894
45894
45896
45899
45910
45910
45912
45916
45923
45924
45937
45939
45939
45950
45956
45960
45962
45969
45972
45975
45976
45980
45980
45980
45986
45987
45988
45989
45992
45995
45998
46002
46003
46003
46004
46004
46010
46012
46015
46017
46019
46023
46024
46028
46029
46035
46038
46041
46046
46048
46049
46051
46051
46053
46059
46060
46067
46073
46074
46076
46080
46081
46086
46087
46087
46098
46104
46106
46107
46110
46110
46116
46118
46121
46132
46140
46140
46140
46144
46158
46161
46173
46177
46180
46182
46184
46189
46200
46200
46209
46212
46214
46215
46216
46216
46217
46222
46222
46225
46227
46229
46235
46235
46236
46238
46239
46250
46255
46257
46259
46260
46263
46265
46275
46285
46295
46298
46300
46301
46307
46311
46312
46313
46325
46328
46332
46332
46333
46335
46345
46350
46355
46357
46358
46361
46363
46369
46372
46373
46374
46375
46379
46388
46390
46391
46393
46404
46405
46410
46412
46413
46418
46421
46425
46427
46433
46438
46444
46444
46458
46469
46470
46471
46474
46474
46480
46497
46501
46504
46515
46523
46528
46530
46530
46533
46541
46550
46552
46554
46555
46558
46564
46568
46572
46575
46586
46589
46596
46617
46618
46624
46627
46629
46634
46634
46636
46646
46647
46649
46652
46658
46660
46663
46665
46668
46670
46674
46682
46684
46690
46691
46700
46703
46704
46709
46711
46715
46720
46732
46737
46738
46745
46747
46753
46753
46753
46754
46757
46759
46762
46765
46766
46771
46772
46777
46779
46779
46781
46801
46802
46809
46814
46821
46821
46824
46837
46837
46839
46840
46851
46851
46853
46855
46859
46859
46862
46871
46872
46874
46881
46882
46883
46889
46889
46895
46897
46897
46899
46900
46903
46911
46912
46912
46928
46935
46936
46941
46943
46948
46951
46955
46958
46959
46960
46969
46972
46975
46978
46978
46987
46990
46997
46999
47002
47003
47003
47005
47008
47009
47014
47016
47020
47021
47021
47022
47026
47029
47040
47042
47049
47055
47057
47059
47067
47083
47093
47100
47103
47108
47109
47111
47118
47121
47142
47142
47143
47143
47145
47149
47150
47150
47153
47159
47160
47171
47172
47177
47178
47183
47184
47187
47193
47194
47204
47206
47213
47221
47224
47226
47229
47231
47232
47236
47238
47238
47253
47255
47256
47265
47266
47270
47273
47281
47285
47287
47293
47297
47298
47316
47317
47318
47331
47331
47345
47345
47347
47348
47354
47377
47383
47391
47395
47396
47397
47407
47413
47415
47417
47422
47427
47429
47430
47439
47446
47468
47471
47473
47488
47491
47503
47507
47509
47512
47517
47517
47521
47530
47537
47541
47545
47546
47547
47549
47553
47557
47558
47562
47566
47570
47575
47579
47580
47581
47582
47589
47592
47595
47609
47615
47617
47623
47625
47629
47644
47648
47649
47649
47650
47651
47655
47655
47659
47666
47666
47675
47675
47683
47685
47693
47709
47710
47711
47712
47713
47716
47718
47726
47728
47728
47730
47732
47733
47733
47734
47750
47753
47759
47760
47773
47776
47778
47780
47781
47781
47781
47781
47783
47788
47797
47798
47799
47800
47801
47805
47813
47815
47819
47831
47835
47840
47842
47845
47851
47851
47853
47861
47866
47878
47883
47883
47886
47886
47886
47888
47889
47891
47895
47903
47907
47908
47915
47925
47926
47927
47932
47932
47942
47944
47945
47949
47956
47957
47957
47958
47962
47970
47972
47977
47978
47980
47985
47988
48015
48023
48024
48037
48038
48038
48046
48067
48071
48076
48082
48085
48086
48097
48097
48098
48098
48102
48110
48114
48114
48117
48124
48125
48125
48127
48127
48135
48139
48147
48149
48150
48159
48162
48162
48171
48175
48191
48192
48201
48210
48215
48221
48223
48229
48235
48245
48246
48262
48262
48262
48272
48275
48278
48292
48296
48297
48304
48311
48314
48316
48322
48324
48327
48332
48334
48335
48338
48340
48346
48347
48358
48362
48367
48369
48372
48372
48373
48378
48389
48396
48397
48398
48400
48406
48413
48426
48431
48432
48450
48455
48458
48461
48465
48467
48468
48468
48470
48471
48472
48474
48475
48487
48488
48498
48500
48510
48512
48514
48522
48523
48529
48540
48542
48544
48549
48556
48558
48559
48560
48562
48567
48568
48569
48571
48575
48585
48591
48593
48596
48600
48603
48605
48607
48607
48608
48608
48628
48629
48633
48639
48644
48647
48658
48661
48663
48664
48668
48671
48672
48673
48684
48685
48690
48691
48698
48703
48707
48713
48738
48741
48744
48749
48754
48764
48773
48774
48781
48781
48782
48785
48786
48786
48791
48793
48801
48802
48808
48815
48824
48827
48833
48835
48836
48836
48838
48842
48843
48845
48848
48848
48859
48859
48866
48869
48872
48875
48876
48887
48890
48894
48899
48912
48915
48920
48924
48934
48936
48949
48955
48956
48962
48963
48965
48969
48974
48977
48982
48984
48991
48993
48997
49000
49002
49010
49012
49021
49035
49037
49038
49039
49044
49050
49054
49054
49056
49059
49062
49065
49069
49070
49072
49080
49081
49082
49085
49087
49088
49089
49090
49095
49098
49098
49104
49104
49104
49108
49108
49108
49111
49118
49122
49127
49130
49153
49162
49172
49176
49189
49190
49192
49193
49198
49201
49203
49211
49215
49216
49220
49222
49223
49226
49226
49233
49233
49234
49235
49241
49248
49255
49259
49263
49268
49268
49269
49271
49272
49279
49290
49292
49292
49301
49301
49319
49324
49329
49331
49331
49334
49335
49335
49344
49346
49349
49349
49350
49354
49355
49363
49364
49365
49367
49369
49372
49373
49374
49376
49380
49387
49389
49390
49392
49397
49398
49399
49400
49402
49405
49408
49408
49422
49428
49429
49430
49430
49437
49447
49451
49456
49457
49458
49462
49479
49480
49482
49487
49487
49490
49502
49509
49510
49519
49525
49525
49528
49529
49535
49542
49543
49545
49546
49553
49558
49560
49562
49567
49570
49577
49581
49583
49591
49606
49609
49610
49614
49621
49622
49623
49624
49625
49625
49631
49636
49646
49647
49650
49661
49672
49673
49675
49675
49677
49682
49685
49686
49686
49691
49695
49698
49698
49702
49704
49706
49711
49730
49731
49733
49741
49742
49746
49747
49748
49751
49753
49757
49759
49760
49765
49772
49772
49773
49780
49781
49784
49785
49788
49788
49793
49795
49797
49810
49810
49812
49814
49815
49820
49827
49830
49840
49849
49852
49857
49858
49868
49875
49884
49886
49894
49897
49898
49904
49907
49908
49911
49912
49914
49919
49936
49937
49943
49946
49948
49952
49956
49959
49959
49964
49968
49973
49975
49978
49978
49984
49986
49987
49988
49990
49992
49996
50001
50003
50003
50004
50005
50005
50007
50012
50018
50019
50023
50027
50027
50028
50032
50036
50041
50045
50048
50060
50074
50085
50086
50096
50096
50098
50098
50101
50105
50111
50112
50113
50128
50142
50143
50146
50153
50174
50184
50187
50194
50198
50201
50203
50211
50212
50219
50222
50222
50223
50230
50238
50239
50255
50256
50256
50265
50269
50271
50276
50280
50296
50297
50297
50299
50311
50315
50320
50326
50327
50338
50339
50340
50348
50350
50374
50375
50375
50378
50384
50385
50385
50388
50390
50393
50404
50404
50406
50409
50411
50413
50413
50414
50418
50423
50425
50425
50426
50430
50433
50435
50441
50443
50443
50444
50453
50455
50455
50460
50463
50464
50472
50482
50497
50499
50506
50511
50516
50517
50524
50528
50529
50530
50530
50559
50562
50566
50574
50576
50578
50580
50580
50580
50584
50586
50587
50588
50591
50592
50592
50595
50599
50601
50602
50605
50606
50614
50615
50622
50623
50624
50625
50636
50645
50647
50649
50649
50652
50665
50669
50681
50691
50692
50694
50695
50695
50698
50703
50716
50718
50730
50732
50733
50735
50738
50742
50751
50751
50752
50755
50756
50762
50773
50775
50780
50795
50799
50800
50802
50810
50811
50815
50819
50821
50821
50823
50830
50836
50857
50857
50858
50863
50866
50869
50872
50876
50881
50887
50887
50890
50897
50899
50903
50903
50909
50915
50916
50929
50932
50934
50935
50936
50942
50945
50949
50950
50960
50961
50969
50972
50972
50976
50976
50979
50980
50986
50987
50995
50997
50998
51000
51001
51003
51007
51009
51016
51023
51023
51026
51030
51034
51040
51040
51041
51043
51045
51049
51052
51057
51060
51061
51061
51068
51079
51087
51091
51095
51096
51112
51125
51126
51127
51133
51136
51140
51144
51146
51150
51151
51151
51151
51156
51161
51164
51168
51170
51172
51173
51175
51178
51180
51191
51194
51218
51220
51230
51234
51238
51241
51246
51247
51250
51259
51266
51268
51272
51273
51279
51282
51285
51292
51292
51294
51296
51298
51299
51300
51305
51305
51306
51309
51315
51317
51324
51327
51328
51330
51340
51345
51348
51351
51355
51362
51366
51367
51369
51373
51375
51377
51381
51382
51382
51389
51391
51393
51397
51399
51400
51400
51404
51405
51412
51415
51422
51440
51441
51441
51442
51447
51447
51465
51466
51467
51470
51472
51475
51480
51481
51483
51495
51497
51508
51508
51513
51517
51518
51528
51541
51544
51544
51549
51553
51554
51558
51571
51575
51576
51579
51586
51591
51591
51591
51594
51597
51609
51623
51627
51630
51633
51633
51633
51633
51634
51635
51636
51637
51638
51642
51646
51653
51653
51656
51659
51661
51667
51667
51670
51674
51678
51678
51683
51688
51692
51693
51694
51694
51695
51696
51704
51708
51714
51717
51718
51723
51724
51725
51727
51730
51733
51737
51744
51750
51751
51754
51756
51760
51769
51769
51771
51772
51772
51782
51784
51785
51789
51794
51798
51806
51811
51811
51812
51813
51819
51819
51820
51825
51832
51832
51842
51848
51851
51851
51853
51855
51856
51863
51873
51875
51888
51889
51895
51901
51907
51909
51925
51931
51939
51951
51952
51954
51954
51958
51963
51973
51981
51983
51986
51988
51990
51991
51998
51998
52000
52013
52014
52016
52026
52039
52050
52056
52058
52059
52064
52066
52068
52072
52074
52075
52087
52092
52092
52110
52112
52122
52123
52125
52135
52138
52139
52141
52145
52146
52147
52152
52155
52156
52169
52171
52175
52177
52179
52182
52186
52187
52188
52190
52207
52208
52210
52220
52220
52224
52228
52228
52229
52229
52231
52234
52237
52238
52245
52249
52252
52261
52262
52265
52265
52268
52273
52284
52284
52285
52287
52289
52296
52300
52303
52304
52305
52308
52314
52320
52324
52329
52330
52341
52347
52349
52351
52352
52359
52361
52371
52372
52373
52376
52376
52383
52389
52397
52400
52401
52402
52409
52410
52414
52419
52419
52420
52422
52424
52425
52431
52434
52436
52438
52441
52442
52449
52459
52464
52468
52470
52471
52472
52473
52478
52484
52498
52513
52514
52515
52515
52516
52516
52522
52527
52528
52537
52540
52542
52543
52543
52545
52546
52546
52551
52559
52564
52565
52570
52576
52586
52592
52598
52600
52601
52603
52603
52608
52608
52610
52615
52624
52630
52631
52633
52634
52643
52643
52644
52645
52646
52648
52656
52666
52668
52669
52686
52700
52700
52703
52705
52709
52718
52722
52723
52724
52727
52731
52735
52737
52741
52742
52742
52744
52747
52768
52769
52777
52781
52790
52790
52800
52800
52802
52808
52821
52824
52835
52836
52839
52842
52843
52844
52844
52844
52850
52852
52855
52861
52861
52870
52879
52880
52882
52893
52896
52910
52911
52911
52923
52929
52929
52933
52936
52938
52945
52946
52957
52960
52963
52963
52969
52969
52974
52981
52989
53000
53001
53004
53014
53022
53026
53027
53031
53038
53042
53059
53062
53067
53072
53077
53080
53082
53086
53092
53093
53097
53100
53100
53117
53119
53122
53123
53128
53129
53131
53135
53137
53139
53152
53154
53163
53169
53173
53174
53179
53180
53184
53186
53187
53188
53197
53201
53203
53206
53214
53214
53214
53217
53218
53230
53250
53254
53254
53260
53276
53277
53277
53292
53295
53300
53306
53313
53317
53318
53319
53323
53324
53325
53327
53331
53332
53333
53334
53337
53342
53349
53354
53356
53358
53364
53373
53378
53380
53381
53383
53384
53386
53387
53388
53398
53402
53403
53419
53420
53431
53432
53436
53441
53445
53446
53447
53457
53459
53459
53461
53466
53467
53485
53486
53486
53491
53497
53498
53499
53503
53503
53504
53505
53520
53527
53544
53548
53552
53554
53562
53563
53563
53568
53570
53575
53577
53577
53579
53581
53585
53586
53586
53594
53594
53595
53600
53601
53603
53605
53607
53610
53612
53614
53615
53626
53626
53635
53639
53640
53644
53655
53668
53676
53680
53685
53690
53692
53693
53693
53703
53703
53710
53711
53719
53719
53720
53720
53731
53733
53737
53741
53746
53747
53751
53753
53759
53762
53764
53768
53769
53773
53784
53785
53792
53798
53806
53808
53809
53816
53818
53833
53834
53836
53841
53841
53845
53849
53857
53867
53870
53872
53875
53878
53878
53879
53881
53882
53884
53887
53891
53893
53894
53895
53895
53900
53901
53906
53906
53907
53907
53912
53913
53914
53915
53916
53921
53924
53924
53926
53930
53933
53949
53955
53955
53966
53967
53968
53970
53976
53983
53989
53999
54001
54010
54013
54019
54037
54044
54044
54047
54047
54050
54052
54053
54057
54063
54064
54065
54073
54075
54082
54083
54105
54110
54111
54113
54113
54121
54129
54134
54139
54147
54195
54196
54203
54206
54212
54214
54214
54216
54217
54220
54224
54225
54226
54229
54230
54230
54233
54237
54239
54239
54244
54244
54255
54257
54259
54260
54264
54264
54271
54274
54274
54283
54293
54294
54307
54309
54314
54318
54323
54327
54335
54342
54355
54359
54361
54364
54371
54375
54376
54389
54394
54397
54399
54403
54407
54408
54416
54417
54427
54431
54437
54438
54440
54443
54446
54449
54450
54450
54464
54467
54468
54471
54473
54488
54490
54492
54493
54495
54505
54507
54508
54513
54514
54514
54515
54518
54519
54522
54529
54530
54534
54536
54539
54545
54546
54551
54553
54555
54557
54559
54565
54573
54574
54575
54583
54587
54593
54597
54599
54599
54613
54617
54626
54626
54639
54649
54652
54652
54657
54661
54662
54663
54665
54673
54687
54692
54699
54700
54707
54708
54710
54712
54726
54729
54732
54732
54738
54744
54744
54745
54746
54746
54747
54751
54757
54760
54766
54771
54777
54779
54783
54790
54794
54803
54806
54807
54818
54820
54821
54829
54836
54839
54862
54867
54871
54875
54879
54880
54884
54884
54890
54891
54903
54907
54909
54911
54916
54921
54921
54925
54933
54947
54947
54950
54952
54956
54957
54959
54961
54963
54968
54976
54977
54984
54989
54992
54998
55001
55002
55014
55017
55021
55028
55029
55043
55045
55051
55053
55060
55061
55062
55063
55064
55079
55082
55086
55088
55094
55097
55099
55100
55102
55103
55104
55107
55110
55116
55120
55122
55128
55129
55136
55138
55142
55144
55153
55166
55169
55176
55177
55178
55182
55185
55191
55194
55197
55198
55211
55222
55222
55223
55236
55239
55250
55250
55251
55252
55253
55255
55263
55265
55274
55278
55279
55283
55293
55300
55300
55302
55306
55315
55318
55322
55322
55322
55323
55325
55328
55329
55332
55333
55338
55343
55349
55352
55352
55353
55358
55362
55370
55390
55397
55400
55408
55419
55422
55433
55436
55438
55441
55448
55451
55452
55455
55455
55457
55458
55466
55466
55469
55476
55479
55486
55493
55499
55504
55504
55506
55517
55520
55521
55527
55528
55535
55537
55538
55538
55540
55544
55549
55549
55573
55576
55584
55587
55588
55589
55595
55596
55599
55600
55603
55605
55619
55620
55621
55629
55634
55636
55642
55643
55643
55651
55652
55654
55655
55663
55664
55668
55675
55680
55682
55693
55697
55713
55717
55722
55726
55731
55731
55736
55736
55737
55739
55741
55742
55753
55765
55782
55784
55784
55791
55791
55812
55813
55820
55826
55834
55834
55836
55839
55842
55843
55843
55843
55852
55860
55863
55864
55878
55882
55884
55885
55889
55889
55922
55924
55924
55945
55951
55953
55956
55957
55958
55970
55985
55989
55993
56000
56000
56004
56005
56007
56015
56023
56029
56031
56032
56039
56041
56056
56064
56070
56071
56080
56082
56089
56092
56096
56099
56100
56105
56107
56107
56108
56123
56131
56135
56141
56150
56153
56154
56155
56156
56160
56162
56163
56174
56176
56184
56188
56188
56191
56191
56198
56200
56201
56202
56204
56207
56208
56209
56210
56214
56215
56224
56225
56230
56236
56237
56238
56246
56250
56260
56266
56266
56269
56270
56276
56291
56303
56307
56308
56310
56324
56326
56326
56330
56332
56337
56340
56342
56343
56343
56358
56359
56363
56367
56373
56374
56377
56379
56379
56383
56383
56387
56389
56393
56407
56410
56420
56424
56425
56428
56437
56439
56446
56447
56447
56448
56458
56474
56474
56475
56478
56485
56486
56487
56489
56490
56493
56495
56501
56505
56509
56514
56515
56519
56531
56533
56537
56539
56540
56540
56563
56565
56569
56570
56574
56576
56581
56585
56586
56590
56591
56591
56595
56602
56609
56610
56616
56617
56618
56619
56624
56629
56633
56633
56645
56646
56649
56653
56655
56655
56683
56689
56693
56694
56694
56695
56701
56703
56703
56715
56717
56726
56735
56737
56739
56748
56764
56764
56764
56768
56769
56772
56772
56775
56778
56778
56779
56781
56784
56785
56785
56788
56793
56794
56798
56804
56804
56806
56811
56812
56812
56816
56819
56831
56832
56841
56844
56852
56860
56862
56864
56868
56870
56873
56873
56878
56881
56881
56896
56897
56897
56897
56898
56901
56918
56918
56927
56928
56930
56937
56939
56940
56946
56950
56951
56958
56970
56982
56983
56988
56998
57000
57000
57006
57008
57012
57014
57020
57022
57023
57023
57024
57029
57039
57042
57042
57048
57059
57061
57062
57066
57076
57078
57087
57090
57094
57094
57112
57114
57116
57118
57119
57119
57120
57120
57138
57143
57145
57148
57154
57161
57168
57169
57171
57176
57176
57183
57193
57196
57200
57203
57209
57211
57211
57211
57221
57224
57229
57234
57248
57249
57251
57252
57256
57256
57262
57264
57265
57266
57269
57278
57281
57282
57285
57287
57289
57296
57298
57299
57300
57301
57302
57302
57303
57304
57304
57305
57306
57307
57309
57317
57320
57333
57339
57340
57344
57349
57354
57363
57368
57375
57375
57375
57378
57382
57382
57382
57387
57387
57389
57396
57396
57398
57404
57407
57411
57411
57413
57416
57417
57422
57422
57423
57428
57430
57431
57432
57435
57443
57447
57449
57453
57457
57459
57459
57460
57464
57466
57467
57471
57472
57481
57491
57498
57511
57512
57513
57519
57520
57525
57529
57530
57531
57532
57545
57548
57548
57552
57555
57557
57562
57564
57564
57564
57565
57566
57566
57569
57572
57572
57577
57582
57582
57583
57587
57588
57588
57595
57596
57597
57599
57599
57600
57614
57615
57617
57626
57630
57631
57641
57645
57652
57654
57657
57661
57665
57676
57684
57684
57684
57686
57687
57696
57698
57701
57705
57707
57715
57717
57720
57723
57730
57734
57737
57749
57750
57755
57755
57759
57766
57767
57774
57779
57785
57788
57793
57796
57802
57802
57809
57813
57822
57828
57831
57835
57835
57840
57844
57847
57852
57854
57861
57870
57871
57877
57884
57888
57893
57898
57904
57917
57930
57936
57938
57956
57960
57961
57962
57972
57973
57975
57981
57982
57985
57985
57986
57987
57991
58005
58010
58014
58014
58016
58017
58018
58022
58022
58023
58028
58029
58034
58036
58046
58047
58055
58057
58063
58063
58064
58065
58071
58072
58074
58079
58079
58080
58085
58087
58090
58094
58104
58105
58107
58113
58117
58121
58123
58130
58132
58138
58139
58139
58140
58142
58143
58146
58151
58157
58161
58161
58176
58177
58181
58183
58183
58183
58184
58186
58198
58202
58211
58214
58218
58218
58219
58224
58225
58226
58230
58239
58241
58252
58256
58263
58265
58266
58266
58267
58269
58270
58270
58271
58277
58279
58281
58284
58288
58296
58304
58305
58305
58307
58314
58316
58320
58323
58326
58328
58334
58336
58345
58353
58354
58360
58365
58375
58376
58381
58382
58384
58398
58400
58400
58405
58407
58413
58418
58426
58430
58432
58435
58442
58448
58452
58474
58483
58484
58490
58491
58492
58504
58506
58511
58514
58515
58517
58524
58534
58555
58559
58561
58563
58565
58569
58573
58576
58577
58578
58578
58584
58587
58592
58594
58596
58598
58600
58621
58624
58629
58630
58632
58633
58635
58639
58641
58646
58649
58653
58656
58656
58662
58673
58674
58683
58687
58697
58700
58703
58703
58709
58709
58714
58728
58731
58731
58739
58739
58740
58740
58743
58753
58754
58759
58763
58766
58768
58772
58780
58784
58785
58787
58789
58790
58795
58801
58801
58803
58804
58805
58810
58812
58812
58816
58823
58824
58827
58845
58851
58852
58856
58862
58863
58871
58879
58880
58881
58886
58887
58889
58889
58891
58892
58901
58901
58904
58905
58921
58928
58938
58940
58941
58944
58947
58950
58958
58959
58960
58965
58967
58972
58975
58978
58978
58978
58988
58989
58999
59003
59014
59015
59015
59017
59028
59029
59031
59033
59039
59044
59050
59052
59060
59061
59072
59075
59080
59080
59081
59086
59088
59096
59103
59110
59127
59127
59130
59134
59134
59136
59139
59143
59145
59146
59154
59154
59166
59167
59168
59168
59172
59183
59196
59197
59199
59199
59206
59207
59208
59211
59220
59221
59228
59229
59231
59234
59237
59243
59261
59268
59273
59276
59283
59296
59296
59297
59297
59302
59304
59312
59313
59315
59316
59318
59322
59326
59336
59338
59354
59358
59358
59368
59369
59372
59373
59379
59379
59388
59392
59394
59394
59395
59400
59401
59402
59416
59422
59424
59426
59428
59430
59432
59439
59439
59446
59451
59451
59455
59457
59459
59463
59466
59471
59485
59497
59499
59505
59509
59509
59520
59526
59532
59535
59535
59543
59549
59549
59557
59557
59558
59558
59562
59569
59573
59592
59593
59607
59631
59632
59636
59648
59649
59649
59658
59658
59666
59668
59671
59672
59677
59681
59684
59686
59687
59687
59694
59694
59700
59705
59707
59713
59714
59720
59729
59729
59730
59732
59737
59741
59744
59752
59755
59755
59763
59765
59771
59777
59779
59780
59783
59785
59787
59788
59791
59792
59793
59795
59803
59803
59810
59811
59817
59823
59831
59833
59841
59842
59845
59851
59857
59863
59867
59870
59870
59873
59876
59877
59880
59885
59886
59894
59897
59897
59898
59899
59900
59902
59903
59906
59907
59908
59909
59912
59917
59928
59947
59959
59959
59960
59965
59968
59972
59973
59973
59980
59981
59984
59987
59997
59999
60001
60002
60005
60015
60016
60017
60021
60021
60026
60029
60030
60031
60036
60040
60040
60040
60046
60050
60061
60062
60064
60073
60074
60086
60099
60100
60104
60108
60112
60115
60115
60119
60120
60125
60140
60141
60142
60145
60147
60149
60153
60156
60160
60166
60166
60167
60171
60174
60175
60178
60185
60189
60189
60199
60200
60201
60212
60215
60217
60221
60228
60230
60230
60232
60233
60242
60244
60246
60253
60255
60256
60256
60256
60265
60267
60271
60273
60277
60284
60296
60297
60297
60308
60309
60311
60313
60318
60323
60327
60331
60338
60341
60347
60347
60348
60359
60370
60373
60376
60376
60381
60382
60382
60383
60383
60394
60397
60400
60402
60412
60414
60414
60417
60418
60422
60424
60435
60435
60435
60444
60445
60453
60453
60454
60454
60457
60459
60469
60470
60472
60477
60478
60481
60489
60490
60494
60494
60501
60503
60505
60511
60522
60533
60534
60542
60546
60547
60547
60548
60554
60557
60565
60565
60572
60576
60577
60579
60585
60586
60593
60600
60606
60607
60608
60613
60614
60624
60624
60626
60628
60640
60645
60649
60653
60657
60667
60670
60671
60672
60680
60680
60685
60689
60691
60696
60697
60700
60711
60711
60712
60714
60715
60724
60726
60735
60735
60736
60738
60741
60767
60771
60777
60778
60778
60780
60780
60781
60783
60783
60785
60790
60793
60793
60795
60797
60799
60801
60802
60807
60808
60814
60825
60829
60833
60837
60838
60841
60843
60845
60845
60845
60847
60851
60858
60859
60861
60872
60874
60877
60879
60879
60883
60884
60891
60891
60892
60895
60897
60902
60903
60905
60915
60926
60927
60929
60934
60938
60938
60939
60944
60946
60948
60951
60953
60956
60962
60967
60970
60970
60971
60976
60976
60979
60979
60987
60989
60990
60991
60992
60993
60999
61020
61031
61032
61033
61036
61037
61039
61040
61041
61044
61045
61046
61048
61061
61062
61067
61069
61070
61071
61078
61082
61086
61096
61098
61100
61104
61105
61107
61112
61112
61117
61118
61121
61123
61128
61136
61140
61143
61148
61150
61155
61179
61181
61193
61199
61202
61204
61218
61220
61226
61226
61239
61241
61244
61244
61245
61250
61254
61259
61266
61268
61272
61277
61279
61288
61298
61303
61306
61310
61319
61322
61323
61326
61331
61332
61336
61336
61336
61339
61340
61341
61342
61348
61350
61351
61351
61357
61359
61359
61362
61367
61368
61370
61371
61372
61376
61378
61379
61381
61383
61384
61386
61387
61400
61400
61408
61411
61419
61423
61433
61435
61438
61438
61440
61441
61448
61450
61450
61452
61455
61462
61469
61469
61469
61472
61475
61475
61481
61483
61485
61485
61486
61488
61490
61491
61491
61494
61496
61500
61503
61508
61509
61513
61525
61526
61527
61535
61537
61541
61541
61556
61569
61569
61574
61582
61586
61588
61598
61599
61601
61602
61603
61612
61616
61622
61622
61627
61639
61643
61643
61643
61644
61645
61651
61653
61660
61660
61661
61661
61665
61668
61668
61669
61677
61677
61680
61682
61683
61684
61689
61690
61696
61697
61697
61710
61712
61713
61713
61717
61720
61725
61726
61732
61734
61734
61738
61740
61744
61744
61746
61765
61772
61779
61783
61794
61796
61798
61804
61806
61808
61808
61810
61821
61829
61833
61833
61836
61838
61846
61855
61855
61855
61859
61859
61860
61862
61863
61868
61871
61880
61891
61892
61894
61900
61906
61909
61920
61920
61923
61923
61929
61933
61935
61941
61944
61951
61955
61967
61968
61978
61992
61996
62000
62000
62006
62007
62009
62009
62022
62023
62028
62031
62032
62032
62038
62040
62040
62041
62041
62044
62045
62051
62053
62054
62055
62061
62065
62068
62076
62081
62090
62095
62098
62102
62102
62102
62103
62105
62110
62116
62119
62127
62127
62129
62129
62132
62137
62140
62141
62142
62143
62144
62149
62161
62163
62163
62170
62170
62181
62189
62192
62195
62197
62203
62207
62207
62207
62218
62220
62220
62222
62231
62244
62245
62246
62248
62253
62258
62267
62268
62268
62271
62271
62273
62286
62310
62311
62311
62312
62314
62315
62317
62323
62326
62326
62336
62341
62344
62346
62361
62373
62376
62378
62381
62393
62400
62400
62405
62415
62417
62417
62422
62426
62432
62436
62436
62437
62442
62447
62448
62449
62450
62452
62452
62468
62470
62471
62472
62473
62479
62481
62483
62487
62488
62490
62490
62491
62494
62495
62497
62502
62503
62506
62515
62522
62531
62532
62537
62537
62548
62550
62557
62558
62562
62585
62595
62596
62601
62604
62606
62607
62610
62613
62619
62619
62634
62636
62638
62640
62657
62657
62659
62668
62668
62686
62698
62701
62707
62707
62712
62718
62723
62733
62735
62737
62739
62741
62744
62749
62766
62775
62777
62778
62781
62783
62787
62791
62802
62803
62806
62817
62830
62832
62838
62841
62844
62845
62846
62847
62847
62848
62849
62852
62853
62854
62859
62864
62865
62865
62867
62871
62873
62874
62875
62876
62876
62879
62884
62886
62887
62891
62894
62895
62895
62901
62903
62914
62929
62937
62951
62955
62960
62968
62972
62976
62980
62980
62984
62985
62988
62998
63004
63009
63019
63026
63029
63030
63033
63037
63039
63040
63048
63060
63080
63081
63086
63090
63090
63094
63097
63100
63112
63116
63121
63122
63124
63126
63126
63127
63136
63139
63140
63142
63145
63147
63149
63151
63156
63158
63162
63162
63163
63163
63166
63168
63169
63175
63180
63183
63189
63199
63201
63215
63217
63221
63222
63223
63226
63229
63230
63235
63241
63244
63244
63247
63252
63255
63259
63260
63270
63270
63278
63282
63296
63303
63311
63313
63321
63326
63329
63333
63343
63346
63349
63350
63355
63356
63369
63369
63369
63388
63402
63404
63408
63422
63423
63437
63441
63442
63447
63453
63455
63457
63458
63463
63478
63478
63482
63490
63492
63501
63504
63507
63507
63509
63512
63513
63520
63522
63525
63534
63537
63538
63540
63541
63555
63556
63562
63566
63570
63570
63574
63576
63577
63582
63593
63596
63606
63607
63607
63625
63631
63641
63658
63659
63660
63669
63669
63681
63682
63690
63691
63691
63696
63697
63698
63699
63699
63703
63708
63709
63719
63728
63733
63737
63739
63741
63741
63746
63747
63751
63751
63755
63765
63770
63777
63778
63783
63784
63784
63784
63789
63797
63798
63800
63802
63803
63806
63807
63810
63814
63818
63830
63834
63835
63835
63843
63845
63846
63846
63848
63852
63853
63863
63877
63877
63888
63888
63893
63895
63896
63902
63903
63906
63908
63911
63915
63917
63919
63923
63933
63941
63948
63958
63964
63969
63973
63975
63986
63995
63996
64003
64004
64006
64013
64013
64033
64033
64038
64042
64043
64047
64052
64056
64056
64057
64058
64066
64088
64088
64089
64092
64093
64098
64113
64127
64128
64135
64138
64145
64149
64157
64161
64164
64166
64169
64176
64183
64188
64198
64202
64209
64216
64217
64218
64221
64221
64224
64239
64247
64249
64250
64255
64257
64260
64265
64271
64271
64273
64275
64276
64276
64280
64280
64282
64293
64294
64297
64300
64302
64312
64322
64323
64327
64342
64349
64349
64358
64361
64373
64374
64375
64376
64385
64387
64392
64396
64408
64416
64419
64420
64421
64424
64428
64432
64434
64436
64437
64448
64450
64453
64454
64455
64460
64462
64465
64469
64473
64473
64475
64476
64478
64482
64487
64488
64488
64489
64489
64494
64498
64498
64512
64512
64524
64530
64530
64544
64548
64550
64553
64559
64562
64563
64563
64564
64567
64569
64571
64575
64577
64585
64589
64592
64594
64596
64597
64599
64602
64604
64604
64608
64609
64610
64615
64615
64616
64617
64619
64624
64626
64635
64637
64640
64652
64652
64659
64659
64664
64665
64667
64668
64670
64680
64690
64696
64698
64706
64710
64714
64719
64731
64732
64735
64740
64746
64756
64760
64760
64763
64768
64788
64792
64796
64802
64804
64807
64814
64824
64830
64834
64837
64842
64842
64843
64844
64844
64847
64855
64862
64862
64865
64866
64873
64873
64874
64875
64876
64880
64881
64896
64900
64901
64910
64915
64918
64927
64932
64937
64938
64940
64951
64960
64961
64971
64972
64974
64978
64980
64983
65012
65019
65020
65022
65023
65025
65030
65030
65041
65041
65044
65046
65054
65054
65061
65064
65066
65072
65078
65079
65081
65093
65093
65093
65095
65102
65103
65103
65104
65109
65109
65111
65114
65115
65118
65122
65123
65128
65132
65133
65134
65136
65137
65137
65138
65139
65149
65154
65158
65161
65164
65165
65167
65172
65175
65176
65179
65182
65182
65184
65191
65195
65200
65201
65202
65204
65205
65207
65209
65209
65210
65219
65226
65229
65232
65235
65237
65242
65244
65251
65258
65260
65265
65265
65269
65269
65281
65281
65294
65297
65302
65302
65309
65314
65316
65319
65321
65322
65322
65327
65338
65350
65352
65353
65355
65361
65362
65370
65371
65373
65378
65383
65397
65400
65409
65414
65415
65415
65415
65420
65423
65427
65435
65440
65443
65443
65458
65459
65462
65466
65471
65481
65483
65493
65496
65496
65499
65505
65528
65528
65531
