26379
21502
43181
48587
9775
6644
48053
13790
53158
27374
31149
44131
64240
49089
61812
58327
22104
38421
53503
41722
53939
12873
25469
1007
21589
1342
48888
50999
4123
13832
35714
30501
2565
13359
46320
12339
20003
28837
58895
7625
23442
57275
18987
22146
40829
15263
47705
62932
20916
2904
39118
42086
15776
31819
43092
4597
392
26444
22827
4514
7507
58540
2247
10071
6364
48566
55176
26366
44634
15768
1222
2540
7507
20208
57452
48335
2703
39621
12963
23618
9757
19313
168
25532
51131
43260
30128
18754
36935
52955
56035
44442
45959
58281
21744
19554
8543
44152
45919
53176
27151
14372
22947
34657
34580
14863
50224
4514
21716
63186
28131
31472
16963
61065
57003
35325
6021
54363
54079
42956
9014
44578
54629
22204
4555
43604
41758
45864
54987
22141
736
16602
36513
23682
51259
38324
5776
3179
42837
27491
829
38199
58962
17792
33728
17662
20348
39749
39256
8891
49936
48269
20700
6261
4937
58021
49864
46694
38349
6548
36067
6316
23149
39811
29997
41639
12599
35773
44817
22667
30495
45646
60865
56689
30669
61824
41582
18248
36037
15302
59906
53204
30802
47837
59464
35738
40323
11025
49664
45903
17572
52962
52219
40720
27237
49447
16824
7067
52451
28872
29733
17411
41749
57829
8564
39649
21349
50145
57897
57386
32678
52267
12286
63479
34568
6215
913
42122
50006
17808
55257
2042
5234
41940
9993
32470
58618
59583
6768
45534
22920
3732
62944
31900
61560
38739
6014
17374
56115
63910
41991
23257
17873
21508
21200
19672
60489
54879
61794
44959
7152
51515
14232
12385
60686
24225
12087
53768
18272
18854
998
8423
22586
31173
40323
51377
4376
46336
35982
60490
11942
45204
50978
62581
1177
39409
16717
28897
28753
45742
8321
3136
31721
22552
15520
59638
46776
27606
15103
32280
13692
16100
40702
3509
47273
48256
54885
18880
29056
58099
46602
8229
4999
32044
5274
6175
38685
21991
2304
1902
34964
10624
5037
33917
407
53323
28019
14415
48161
10353
46694
61852
26453
54627
32592
40957
37348
21941
27068
33635
47271
8134
41864
52270
7410
47137
25676
46094
36359
27979
15227
5788
38602
20263
6936
6241
40817
34954
20655
23442
45307
1813
52525
38991
23671
19581
47179
61018
8754
8711
29118
56024
49612
5446
9990
57021
19814
35666
37579
23405
63644
20037
61959
3943
40299
3359
10183
48347
5544
30837
39021
18082
65416
26010
57072
23551
12823
5947
19034
54343
47425
15383
12063
31501
53595
22053
55753
7873
57718
60563
64044
55826
15064
60467
27000
22594
63825
37182
5405
3834
35250
44425
21915
35130
37667
46219
58681
17721
19397
44946
6528
1286
27560
18590
18
15619
40642
55770
56258
56
50797
54767
23114
325
49698
50113
55685
47988
54527
61090
19053
24241
7211
40967
59371
12109
54417
19748
29829
8279
31925
3588
42331
59484
22178
42349
9567
30051
65350
289
30107
17844
55055
53220
50935
39218
5029
41085
54437
59555
3871
7954
18261
11081
16152
44863
23190
37801
64610
20250
13311
30999
23838
55641
57714
46015
65221
1745
43297
32268
34800
7868
50111
24320
28319
2742
30769
33348
43826
19670
60134
14928
60390
12859
26009
43773
24953
16430
16038
56794
36679
29348
55024
27748
52221
47202
8227
19138
48946
18756
51405
50978
26623
3212
9762
22174
5954
7762
22753
17011
60198
17351
64706
55052
62977
25179
33289
22394
8840
16559
13653
12750
13138
3141
40498
65358
50343
15956
18961
985
34711
37597
51962
28566
8041
28955
50739
46761
36716
40723
31003
31378
58073
30173
53661
55514
22583
54182
45140
31422
5205
26024
44172
18342
29164
51901
50932
46738
2321
37124
14955
4264
9185
34148
32829
49992
63103
50799
31217
1515
58753
29452
125
51290
59624
53785
8501
16672
9663
20872
15325
14867
46895
59496
441
43290
13093
51372
24493
15414
22960
6679
52444
64911
40826
52504
49368
5625
37767
47816
39907
30984
11732
7263
49505
38588
61047
25237
55259
37942
46108
5048
52808
27467
31776
53248
5222
44868
39084
62481
27513
29275
3624
14421
28651
11681
1389
45250
50073
6387
60297
24444
4602
39261
31706
21339
12313
59984
46575
2036
32390
27148
39850
52430
21846
38857
40142
27067
18190
46458
56779
12934
42964
60402
60122
38846
39315
28742
51327
23852
2361
46089
48295
6962
19814
47232
28300
64893
41680
9340
34160
41302
3719
8474
28196
25564
47331
2802
19863
32752
16491
11106
12917
59455
38740
7503
65532
12519
3477
51324
36370
5837
31877
51896
12798
18922
824
8330
18279
42503
50436
52438
51036
54154
28143
13696
46949
42705
49265
1276
9921
220
45149
55605
26906
18353
63107
26903
63638
1048
45458
1704
39651
11799
20831
52449
63487
21654
28010
48997
64156
12910
35899
49657
34295
31273
30584
15708
8443
14313
49751
51130
47300
29364
41199
41437
14948
6003
2804
13050
39817
48261
47520
13933
27291
2815
33613
25242
24468
61622
8703
55855
41763
11833
7208
10522
10338
37792
26229
18780
19336
43211
37141
1100
39806
12805
42537
54753
51574
12572
35034
25855
28065
17018
7019
55355
52599
40631
47829
11531
3949
23763
34618
45711
2828
41825
56232
13165
14081
49693
64711
33417
27368
36316
1748
1639
16352
44284
23623
35157
24088
25889
61012
52152
42906
35262
9203
62737
10358
24263
8732
47073
48026
43349
27249
18085
52406
50712
64016
33718
34869
30423
34366
29469
33970
36114
63874
50322
14862
21961
19943
38949
47849
48186
58332
57987
17913
2000
55188
61037
26262
31151
9806
41519
41732
37054
26835
28602
22231
25315
62319
24331
55737
31150
53799
24172
34495
52137
41725
16588
41330
28899
22769
56410
44317
15565
48861
29461
17564
5745
24962
11058
4128
34767
52576
13091
39053
13876
41692
28515
6422
5707
52845
29391
4088
41109
20794
38582
27710
29750
22402
36271
58648
45170
27146
37429
60734
43238
1354
45530
16215
59082
56587
20342
61081
10859
33432
1830
57501
42355
30344
31155
15293
17653
60545
52148
58761
48570
57961
53703
12784
14827
24438
38663
59996
18815
10557
55195
62053
44677
2421
12732
5456
26239
305
33768
4329
968
35597
61830
43322
405
27449
25846
18057
55225
12458
44050
5491
4884
64984
18274
19710
56653
56936
14171
9933
34724
36597
39217
46633
6249
51948
52088
32487
52252
53087
4047
53219
23148
341
63772
23552
60556
24082
8840
17477
3772
20121
22967
41422
19569
8472
61131
43454
65408
42533
53386
1828
46361
27067
48460
19841
46246
2244
19559
194
55330
23606
53412
45709
23946
18880
3725
51734
10193
45332
36442
13964
65452
59409
55385
52253
2345
18213
30171
34984
27977
50788
36812
41570
45086
52503
61410
58563
21979
15434
58756
44540
39039
13864
24714
30216
32743
28438
49181
42935
41001
20088
56899
8150
46728
13980
27634
16304
32192
57804
51288
60169
10288
55331
3435
22605
9530
64844
48399
31508
14742
41619
10513
21012
55482
35226
51228
22689
30895
2105
88
39128
22192
24218
47277
3384
38198
9375
52455
37621
34410
38207
65021
11929
60769
2920
1765
4763
2229
50163
36271
49737
26246
14015
37981
48959
16472
56440
38879
14598
58544
38966
53725
47968
30416
2698
18583
35845
12072
5502
7930
13713
43708
40183
25641
38941
43102
60172
10936
12562
44799
47206
29531
38276
28452
1976
21699
44923
58415
60577
26752
51423
1240
14942
33855
64422
17639
52438
34731
62478
57939
9892
43422
3344
50074
3528
9516
60408
63699
20451
40201
10195
34888
4196
48470
63339
6171
37401
9958
64585
65209
3942
17705
33680
18883
18791
32566
3753
5693
34528
33462
30864
44420
11349
1439
28958
47643
10954
56597
13038
31405
31263
23232
33524
35458
38934
64095
8861
43566
8517
40677
10471
45225
58381
44151
31339
11637
43948
35092
50096
12941
35785
48191
57360
14365
49629
53549
62007
60583
11843
9510
59219
43105
65508
27207
13027
6138
25766
54654
16935
1515
29796
60173
46739
55408
38788
12543
34276
49967
14866
18837
30139
50650
1492
54730
65015
18353
42744
28718
13400
54586
5459
7083
64922
38199
1521
45180
11568
27287
34299
28503
28801
64094
23140
42771
21198
29159
55313
55474
46357
4643
8775
10961
22525
43033
155
54771
28617
10130
17953
42016
31947
23412
16330
31333
61610
50618
43745
7642
12369
12508
3376
8401
43833
59282
51171
65030
55672
40949
54968
36494
12823
30974
47454
35347
41239
14840
24582
4320
24970
9767
13568
24148
33178
62664
22713
62019
47746
922
36892
60114
13429
7500
2979
24493
1246
21382
23987
56918
62330
46187
60643
9617
11625
9793
12196
20095
24632
4009
24415
16833
13775
37982
40981
46952
35110
63693
10667
17321
64614
47559
44666
45274
55058
14877
4231
23535
36258
28217
14917
284
41635
42791
42667
53260
52583
54862
7819
11680
58871
65000
28512
39877
4678
36724
21294
39788
34881
64727
24340
1191
13982
36237
46464
3504
18345
17926
59806
54602
46143
41954
22117
55009
19210
64784
42733
6257
21342
17784
50703
47444
50015
46447
21786
54693
17635
10311
61712
19748
9502
53283
20938
23484
23984
34634
59754
42329
52559
54024
64162
398
63210
20744
55407
16884
52759
65371
55907
8565
50386
41075
56009
2098
21986
12259
56790
39620
55336
20198
59367
64837
7945
47537
55552
64695
49402
49771
8720
3657
5491
7347
4055
3165
60857
26693
52815
48080
59295
43187
23876
11378
18726
14349
13475
7943
59374
4729
47562
49174
24926
8626
15708
102
23394
5724
64796
40027
22726
7981
43683
28217
48094
47737
64148
10647
41661
18660
25958
35421
61846
49833
14030
47803
31414
27504
55745
58019
32232
5003
41658
24389
46395
57365
24490
4253
30320
56517
44279
53046
31729
55194
48494
14287
4627
47106
57700
46288
230
18122
48940
29307
2420
62969
11574
1065
24937
34550
59083
24400
39553
2437
16020
53179
27033
7741
57432
57353
64257
3407
44863
30451
58600
27821
11969
63227
42158
4134
11211
9620
55022
60150
6158
24673
24815
17732
25737
16983
19513
19285
41382
26297
54488
57401
13941
15986
65141
38604
7803
31094
42010
19897
61544
2307
14949
40745
32765
24338
12110
43975
33957
1596
5821
40115
26269
63402
25078
19237
14849
11822
5753
23462
38119
60241
15327
52059
10691
47699
25127
51260
46024
34368
5621
9265
3906
20569
50009
36670
44906
62118
47876
46095
63713
20928
53441
57213
18794
12983
10915
33642
57571
16667
57103
30154
11372
39661
49444
54829
54591
41802
40553
35080
10635
46173
44344
47307
33973
61584
18442
46111
58166
33549
26670
23575
54477
14575
15253
7735
60324
58934
8609
52359
10065
176
49745
54204
7069
33653
10729
61659
9920
51282
63970
53321
64686
42778
35092
33124
38826
20765
46466
64223
54314
7600
22263
43255
54941
4747
18221
16961
63680
26829
36551
40976
59772
20760
62411
1305
54413
7605
30195
64332
58886
28630
19349
25268
5872
54440
25623
11930
9670
6553
10617
31215
46919
111
41701
3556
37624
59921
20516
35768
53982
57067
43976
48218
12291
40851
16754
33935
15687
46948
65498
41804
10042
19311
1537
15914
40983
27159
60610
50652
944
38458
49098
47862
38569
25263
51418
10657
19648
39165
13657
8094
30696
57632
23543
10219
179
40296
44153
48633
21709
11348
24901
31750
30658
26437
14895
38872
20828
9969
23988
54538
15659
40317
36864
54227
44
55513
32115
52459
29143
13003
60552
27070
5099
51327
37288
38045
26087
48673
21142
15027
60020
13274
46777
57909
6943
28903
31246
27770
6104
22465
49539
21762
62782
53634
43220
62825
43612
9799
16980
39986
22802
44764
1520
60667
30555
38808
408
23873
54712
54316
38900
49196
2055
52908
8801
8997
16275
40046
3998
55145
62511
53536
44138
26989
41634
21822
57045
52477
64388
8490
26927
54421
53253
28447
16784
51039
34486
17192
9376
23662
38739
48275
7322
40793
2879
48889
17021
51921
23400
21018
41530
53142
41785
20133
47362
50651
41954
38871
37592
8038
14592
64519
62458
2309
60197
13707
20579
29147
63665
29955
52808
36868
12694
27361
44893
48340
10714
61913
34725
1345
17396
10719
21718
26412
63618
3544
11527
7269
42415
49119
15306
24238
15334
44996
59314
9995
58702
14357
6373
24063
44311
26412
28162
24237
21004
7519
7041
64484
3897
41765
294
54059
19715
22011
14935
17798
25555
59229
25066
35201
10044
40371
59438
25377
19831
53216
2603
45764
2038
41742
37058
13580
2618
65220
37816
23621
7203
44856
22569
43866
53852
55629
32389
8032
44872
14556
25829
37658
8249
50894
7323
18292
58496
33992
10900
45559
21673
13502
58554
56477
22475
30077
4521
25092
29761
42337
15944
4195
54424
5744
48061
42741
28605
14914
18004
7941
62236
43832
45598
4949
61957
52920
56007
22149
21376
1371
2172
10280
47639
60726
1221
4578
25267
38509
62436
22259
48077
12844
26453
36965
18588
8978
46937
47192
56659
64940
22364
20591
10468
2426
25540
39656
22577
48778
61805
11184
50149
63976
21464
32252
26398
55451
4062
18896
28424
962
41154
43732
