62053
53354
12940
57193
25918
15293
65176
51127
22981
23980
60979
6118
46080
6027
41783
16261
63090
51369
35913
19550
38937
36626
53600
17381
37528
15552
54327
54417
33348
20349
37435
29866
8167
50374
21523
34085
32898
53930
19676
55878
12374
47886
29228
25686
53913
5475
41946
18699
24075
12323
5481
30243
16181
59080
47623
20940
41863
36414
9822
9676
23994
47256
6773
32161
32094
61062
710
32223
49456
53152
55333
61829
35502
19025
54746
56646
57266
31156
9810
15805
10711
15290
46048
59658
41601
60902
15062
17928
64548
24883
27603
23006
39370
1607
55166
38695
62668
23107
5383
13820
43490
60715
42881
13457
14204
32091
4567
5934
63247
47143
54505
41189
62432
35017
35311
38497
63151
17604
56425
62163
9719
51259
52400
49088
20098
9263
22248
17230
65136
60397
31050
43091
55576
8395
23779
37011
7717
61112
10176
38195
42720
64680
13848
6848
1394
16390
12577
64544
1226
3466
28403
10944
21956
15267
60031
42053
57296
49510
26515
56897
11603
24796
34452
1643
422
58230
5885
8138
53806
16060
46333
30990
47972
27412
5070
49365
11034
17646
48373
12259
53878
44007
23202
10298
59273
50464
19583
51034
1671
13329
42395
13273
38124
44078
47683
38545
36772
20799
13914
57809
36859
60246
56031
19295
54890
61100
35891
388
13210
51495
12646
1552
29966
3079
44616
23703
20774
31430
41968
22444
44758
51594
2949
50113
30136
17863
55889
34139
38661
4268
26413
9984
31745
16908
62045
21099
45239
32400
21486
58448
18359
1363
27231
48324
37208
39078
39259
57982
37740
48458
14890
16962
1749
50605
34307
31884
2932
24660
33255
41593
28927
26899
18808
60672
43806
48085
49002
56276
47716
4953
16420
540
39082
10882
16095
10755
49959
22585
3201
22163
38275
50857
6357
40023
3159
40663
39138
6090
65322
6857
14914
61481
33755
954
56617
44792
49038
7315
2764
31218
45034
19183
64524
18581
30064
47851
62102
14488
37667
65302
3882
10406
17855
43005
17660
21013
50899
56798
59870
17918
30886
42015
13863
31873
10200
37711
43896
59237
45025
46660
57687
24524
307
23907
43104
30371
38989
6902
12090
11121
6668
48738
54293
57289
26208
6418
45534
11571
30447
7100
29488
61332
16346
10582
27669
26546
48292
38797
53014
27782
19921
12397
52305
20227
36304
62640
17829
42524
4006
29918
53644
43440
13121
42402
2425
6560
16051
47958
50897
46497
22289
47617
9525
38635
58198
4426
32412
40955
43222
19890
35968
63142
65054
22737
17833
3054
52608
35662
45577
23845
32811
33686
1749
13163
43319
4173
19722
59369
19363
5084
7562
8883
52700
17086
14749
12594
21511
47160
53548
64732
34282
23980
29570
33800
13948
14635
36853
33787
17528
49661
57631
50338
50578
59379
63501
28361
30784
17687
54961
17378
55537
62522
26260
9933
46840
41009
22527
35582
55400
10539
2011
24146
1751
31580
25177
15698
46214
29261
16717
63741
13387
8812
48544
63964
35423
13741
59557
671
31427
48982
50815
54196
13201
44306
64128
60040
52546
21119
30086
42411
31658
32096
33788
640
30908
58965
49104
11586
22690
285
42559
3308
9097
58334
1737
44519
6539
28525
12421
5197
11971
63235
59392
57938
9237
57985
52442
61783
46335
49760
38658
12457
49087
6910
45863
47226
33106
29432
58812
23028
29716
3067
26335
6044
61400
60838
50562
35170
23827
30214
40366
3030
60680
1455
60967
4382
59439
15106
629
40238
64865
39286
19927
15648
13427
33021
62874
46533
62452
23382
36792
59400
26448
63126
65443
55079
25661
17702
24713
49487
47915
65078
19748
10292
997
15180
14673
27667
30285
15301
35137
62381
21818
22295
45260
2476
55315
42598
16240
19464
33211
53031
13328
59658
50622
46002
49201
43514
63703
41145
27465
13315
40688
47213
23606
8916
29624
5510
36583
59908
53577
38951
23985
9859
61245
3709
45101
18256
46307
61341
37719
13982
48836
18278
40872
1154
64280
57304
44667
29679
32914
39364
10225
40833
53808
1062
49748
17896
6571
53562
45035
60147
59744
3484
37237
22685
7192
16803
40941
20730
45375
45891
1944
28675
64169
10047
62596
30145
1815
8959
59823
1960
15554
37280
10024
36593
38341
27004
54488
44912
15030
1219
6755
42006
4702
43992
64690
44661
28026
40095
32622
7865
20451
1797
3771
51851
11843
831
16460
46425
42557
43514
15616
25342
15258
25640
61935
20831
52643
50887
207
34904
19338
39728
11374
56806
18184
10529
35931
46209
17855
35785
54073
38305
37581
57844
57387
16656
25906
41078
63080
35694
19057
13160
61036
1546
6031
57435
22376
58673
10018
55349
28042
29355
29542
39415
20626
14957
49943
23788
28398
35030
26804
49702
40566
64385
9242
32418
48272
35148
7960
45816
38073
59783
26207
33573
28561
32238
58239
50936
58142
2722
7982
20648
64843
4755
27295
52700
52478
44469
43720
15340
13963
4988
32274
54529
36604
41515
21411
19340
43894
62137
32387
16432
23617
58594
50004
52177
58063
9940
4809
50669
45428
45557
38549
11967
50311
308
64667
4486
44776
42851
52592
58739
15070
19330
47732
51674
60845
36374
5478
39203
32975
37865
22866
56591
63690
40102
10464
23449
50041
15273
41349
29933
60829
14362
41899
12837
14669
8262
17322
26677
18344
4378
19880
33414
56475
34843
19552
51784
5681
57796
58218
5887
30125
48316
29710
61046
22882
40173
18959
7387
22677
60308
4551
50738
41901
13681
63574
56570
54710
48127
17711
7518
19736
4822
8163
10675
39664
60481
29690
12576
52742
22373
18462
50098
5153
15403
45609
60801
22808
31799
35419
45484
59338
39969
30686
35704
20881
61491
59505
10055
44082
44447
50340
63818
49268
25734
41724
56163
20680
5879
35970
7886
28251
54431
25215
635
37066
38055
61435
59873
4319
31318
39821
30888
38518
37739
1056
26630
33694
27792
3917
45008
6703
21488
10522
23202
47221
52245
46596
2365
58123
17030
43017
53605
38693
2697
54239
10223
40751
17370
4560
12301
15919
11612
43189
21668
49350
11476
15530
50276
6500
19446
29748
45969
40933
40269
36403
22618
26978
17463
57750
19566
1725
35231
40402
40417
5159
29106
17871
45910
13707
55197
25442
62393
1273
35862
51292
17855
14570
1286
2595
21069
20731
65109
1502
28895
39842
5136
51513
34051
22599
43727
20848
57090
46189
61250
31971
51348
57587
17073
64489
38525
6734
24395
35382
40773
27489
53906
25859
42058
55191
61220
30358
43154
60793
64626
6513
2331
4227
25257
36382
59592
3448
57229
51146
16869
20175
50348
2681
12226
1885
1634
50751
41385
58795
53364
49389
20748
41734
9713
30037
64157
5397
60394
41775
33422
59485
15519
35752
30943
40776
39365
24999
11455
31059
10609
28323
18465
60956
63770
30691
30072
32635
48673
38688
25895
36501
22541
13874
45467
65020
43911
11320
37649
6001
20326
5535
32717
35844
8518
63659
43851
47883
55889
55306
46173
962
18093
64637
29149
49095
29792
26452
16194
45696
65139
42088
49429
22145
23194
62127
21629
34336
7911
26509
40336
28236
32043
7518
31311
7793
38408
9627
55675
28762
64932
36312
62490
50256
35413
58871
1047
32437
19787
17241
45364
19391
26560
29257
8767
49753
25848
63162
18553
990
24136
58889
61992
23410
33638
27768
31202
39277
4626
21341
35270
36789
57652
32225
21509
60297
25560
55323
59965
12578
7028
39793
31968
33587
36282
40734
17805
62129
5593
3589
30351
29728
29709
26807
53137
63346
54574
18804
4320
59199
7376
39589
30452
32260
6278
19193
59788
64604
8980
54217
44414
48774
61241
43613
16825
31987
51579
1861
61348
57171
5450
26163
21363
35158
52969
41731
201
9240
60534
37287
35670
35142
11340
587
1866
50385
52546
61653
16685
28757
17566
61098
11995
46038
39176
61586
45257
25219
63447
41069
49621
36128
34463
5448
38517
54663
47178
5949
63902
9409
43235
34037
11782
54575
1855
13647
6656
21632
42531
23340
50388
27328
51670
29614
7830
25310
25664
53086
17760
56342
61386
1845
26934
30313
40059
32683
52208
54468
38631
50574
31108
49098
51842
42889
38137
20928
23767
12024
9791
762
35363
60178
28089
21497
57023
35919
14038
17152
56236
64564
40725
52087
33640
2124
49631
8163
2038
36303
29863
40668
21342
60970
24230
40415
38324
29598
28575
62090
41621
38365
30084
44216
240
25404
32944
57262
28554
14214
41645
19255
13242
16835
5806
46882
51725
55436
22276
53762
26204
52138
61661
14777
14805
53123
22423
53128
49952
50997
16914
58805
23827
46997
37485
24066
6866
4893
48559
2651
51873
24669
21905
65115
8735
60477
13693
60459
17610
35968
48685
11045
55338
12042
25821
4607
65164
15475
24966
49581
937
41879
42850
57530
56108
47566
48827
30205
19690
64617
32855
6028
23750
21992
38374
32484
16933
52066
60174
34542
55265
10555
45586
45067
22597
38638
16905
54992
54113
41870
39037
22281
18214
49118
47042
41553
63915
63100
38989
18070
62181
6308
56864
20396
28299
29702
20111
45232
16232
14750
47005
5961
58071
27056
18260
15132
158
35164
4589
21502
11499
10857
43782
62479
27207
58055
5728
58353
55619
44716
43654
52265
51023
34982
39892
46554
31915
60002
59017
15378
41983
40486
21339
34519
34773
6830
16882
34931
41993
54237
23664
20723
32326
34678
50433
59532
27197
56160
52349
50048
35340
30468
36777
53595
32681
11133
1845
64596
38366
60861
14438
47581
3043
3008
49331
37816
42604
677
39978
19062
22146
63641
7016
54471
15
57449
48467
27212
15305
2512
11724
17877
211
15732
38703
124
59631
40547
64719
32461
3104
46388
47273
6146
16628
31068
11193
59231
64512
51170
45524
21122
16508
52540
10057
16522
11685
25755
10965
26989
61033
55455
12097
61244
5651
50799
61367
65281
58577
27782
64974
61680
8634
46711
35058
58028
45011
46250
51724
11219
64652
31712
32340
15624
51483
9628
32145
30399
35382
43110
24620
30879
33029
36716
59354
5912
54747
55185
5657
47788
50198
37862
43933
26064
19038
46222
18556
31280
26936
37511
42498
26052
36455
9302
41675
22402
51696
41052
20033
54309
51393
44652
52419
51653
15832
46238
57564
5043
3119
30453
20063
53317
2779
63995
13845
54583
44681
65167
20327
38848
37143
30056
32132
8062
6589
41038
63230
58284
16554
17727
47057
35178
62378
33941
54063
45442
14643
13323
17716
50528
43775
37778
38309
13786
36237
19385
35600
48149
19017
23159
54229
23391
53214
20825
31452
59803
61862
29146
52551
45648
14105
1305
15290
10947
2477
3817
23620
49886
49907
41336
34878
28146
13578
40419
9163
17047
59803
44763
65195
46051
2386
21120
3906
55599
41944
35357
17098
5503
31735
36881
51150
13071
38185
33671
56784
40661
4720
14869
25011
54626
56204
27120
50003
4246
2003
59166
21292
61806
5625
53719
42321
40777
42070
13459
63607
51246
48815
15170
56748
47781
52050
9594
60851
24699
10496
19332
32591
15215
34200
24833
37072
24868
51952
54307
61880
53955
15169
50404
17457
20793
5819
59777
61569
47888
40467
26872
33598
23747
42041
57577
38759
28555
1635
1307
20485
12131
20638
20307
60112
22069
45139
64416
14168
64323
53187
10512
52742
2820
28147
4663
56379
33965
31671
19644
49085
6603
46515
17147
63116
23021
41956
3571
18807
43590
4877
6524
22952
58281
26830
50296
14814
39201
16408
28981
37988
4059
6725
57961
39645
34871
29855
63255
36068
61525
17363
19617
35359
63877
3995
171
54129
45950
3742
40168
56772
41385
46691
46955
1363
40752
31715
16176
47184
15354
12389
19636
19412
19113
12061
26288
21215
41915
24007
57282
5137
8601
44130
7727
39710
48125
40665
61070
61306
11638
35702
52542
53022
49624
33962
21616
24841
32908
5024
6489
48262
17412
58892
34905
3756
38184
61193
57737
47331
52431
16716
19699
61032
60845
27425
2438
10666
35321
63507
6437
46958
33674
58978
1677
17762
60171
23292
9834
27544
28315
49090
10270
12958
42446
12406
49480
47861
8063
41682
29656
27726
25629
49354
55989
20938
44011
58426
31604
13796
23629
5272
27986
57302
31481
29662
42296
26117
20185
19361
20892
15732
35682
31161
28689
12592
10798
45401
60453
18861
54314
57340
13818
14407
41159
37038
2576
52401
29928
1411
661
20788
6682
28646
45322
38163
25539
22082
31511
45724
8674
52402
61455
44356
18027
57375
24179
28824
4472
51863
14916
58785
43668
61500
40423
52058
33002
42999
38923
30161
44409
6815
50949
51091
2693
30735
56485
28231
20048
22460
41186
61488
9326
37105
40308
60119
61712
64487
56174
33415
18046
38322
26665
61713
34286
1552
48235
34520
11782
54389
31912
56191
61204
17325
8978
63896
15291
65462
59358
2570
55153
35009
64058
64478
39345
6062
59061
2753
37780
16931
36168
55826
55252
30064
19235
24003
31615
34702
25754
10629
23555
57665
1284
51990
42222
43028
17582
57512
42954
11405
27314
32571
46413
25836
64280
52989
31897
25037
55742
36909
41967
26374
27199
31684
56437
46433
22918
55283
15599
48671
376
6386
40800
34426
58375
17486
11918
10422
42230
22103
54593
4008
21905
35470
62610
20649
22923
61738
45685
45896
33111
54884
6734
60309
21032
30402
8439
11181
20150
56804
59851
53292
63189
2347
54950
23261
52600
1332
914
62061
56202
55506
33300
12571
25440
30374
452
15594
26576
13368
28722
59687
2716
35455
21692
56514
33089
30130
2159
20470
21399
62009
8226
51819
31588
63175
9544
18652
31739
10457
47944
22405
427
15708
2207
58633
46081
2658
41459
39888
48793
4645
34039
51508
7331
55731
42487
40419
53092
44645
28120
41722
8351
36346
28006
39938
1217
4781
25821
187
15238
40996
55358
48431
56703
57565
8761
37248
27454
50219
11600
10711
22095
12871
29451
62192
35833
6402
37076
23389
18278
32427
65111
59395
3237
60348
33797
37221
65128
26849
37407
14830
2309
59997
30493
26243
52026
39253
63490
13944
56703
42322
57422
13262
22424
21337
9918
58256
60505
14225
48876
13247
46652
15683
7107
17120
10495
8135
21572
10088
2216
26211
57684
37291
20672
55408
63534
7162
61892
28720
53872
53059
38273
12990
33552
60696
34326
10702
20648
29295
24926
36756
9774
38809
52438
49647
23161
30165
25013
44732
7484
27228
38174
32399
31751
58845
22272
29749
33238
18628
25700
54342
38919
63973
1796
6935
26365
3354
17636
14245
65415
9794
51000
9653
15834
37902
26531
6226
35298
51544
18190
42781
46003
56363
9645
12218
49673
31916
9198
50142
17775
34898
38948
56693
567
40744
30860
26931
44097
15727
41175
11208
25520
26639
20861
8586
31773
47391
14811
1535
631
33000
11548
46634
56595
21192
58851
40732
20339
2514
58105
38113
4643
31518
62038
5209
39493
27362
32139
50821
43088
40546
62028
35840
34416
17353
11657
33420
31976
59234
2187
65373
26699
13734
46471
17758
34925
7019
25721
55263
42299
18290
60607
46941
17039
24341
19381
56531
18934
18751
41816
62022
59296
38309
65093
60944
22893
43981
28828
22100
37679
31014
21938
31609
11979
35640
16598
46903
42658
42318
3862
52188
27840
31701
825
12110
56041
20205
3106
9440
38956
12153
38693
65483
17693
5482
60891
7818
49462
24184
29917
21605
22429
19086
53214
34408
54726
37043
48542
64615
13826
19636
51268
8897
18568
19324
53773
9073
39529
56878
51279
12949
36263
57203
12896
53955
29916
8252
61772
13842
65202
58921
2679
54862
12471
23124
56501
34428
60166
6740
740
41223
26375
19239
17351
44942
38562
5589
21246
12555
29698
39757
58270
425
31424
5631
21612
61340
46649
50615
42413
13547
11232
12323
35640
23703
35446
26606
25362
62844
577
26101
38531
26951
12571
23114
39124
51133
61469
27601
30919
25631
1822
23654
58823
478
62051
47666
29049
10396
32745
38693
23942
43977
51016
26813
34911
53693
20650
27504
51001
21226
20837
56764
15408
33407
47109
21763
51771
43042
49364
17155
3137
18417
40808
29191
51661
4555
11321
15174
14950
11298
53867
6123
55274
6579
32935
57416
60271
53585
19384
12969
42042
7452
4197
24682
40859
51305
46444
27094
28811
63039
44248
64714
15921
52287
28370
34813
56841
39690
49987
6255
50987
5550
12377
7957
12128
12544
32604
39630
33360
19220
52598
9866
26671
24026
1779
1994
9795
48223
61855
5837
45726
40567
37783
28878
60086
617
63691
51391
7538
15374
24878
25757
53690
4486
945
33049
17029
33549
7143
17620
52768
59741
60253
13903
50998
62031
48664
60793
11950
44983
33861
57676
52781
6108
53785
47331
39491
19172
419
14261
34545
58063
40017
55466
62548
8193
22979
46809
41741
30122
64428
61740
57094
26377
42875
42556
22873
26003
5045
2054
38217
6138
59729
25462
12245
15211
40025
18968
1614
7675
33228
36159
202
40476
26089
62749
48668
16300
11254
57641
46421
42914
53845
5211
3755
31184
14998
59394
24418
20043
61448
62634
26180
22873
55328
5656
5315
29817
24623
6929
4723
25082
10319
4924
22
3639
34904
48690
19938
46158
40795
33590
56303
61871
38800
27289
27520
53798
53915
19169
41072
49827
49035
34483
39931
38827
7370
45246
35875
64760
19406
40597
24306
29724
12752
24328
594
47655
7482
20532
61044
15508
54121
51811
11843
60153
46332
6594
15647
34711
25763
23950
51769
42029
58432
26164
15320
266
38641
18426
65025
58046
26254
56563
55001
39005
15355
55595
53891
55603
43358
49400
5575
64710
2907
50184
26559
16470
56778
42205
51180
49772
619
37413
26265
26282
63577
8816
26548
3914
27241
58804
29192
20726
17063
18657
59730
32417
41483
15317
55251
52072
31948
60825
51247
34855
12706
12270
18556
3948
21707
4201
20951
22325
41613
14447
48607
6886
23262
42386
43567
17734
2886
7223
38459
19949
58646
65420
19597
34594
15201
9313
21130
47149
37369
39608
49235
50074
19110
2255
21253
40816
39222
42203
63140
48067
56649
13443
54952
47142
23060
32983
64875
25946
7437
5030
45894
548
37681
32722
2373
52882
42034
56269
1727
13868
30342
18193
63941
49451
53214
19659
24731
26901
29093
55102
9432
52974
3010
31615
34580
26069
31830
1152
19246
39266
6181
32371
7045
11094
65093
9417
63975
41591
151
32933
55458
63259
51125
21096
14406
6035
40754
6368
32935
37078
61469
9598
24516
31710
41213
59096
25011
40274
27479
44256
46771
891
43859
53816
11984
43416
30464
10423
52238
30614
10587
42161
61104
28943
30488
42741
34978
38473
49108
35144
10015
45042
44742
34531
43983
53186
60858
36225
60691
22801
47713
41926
23691
26036
30206
35675
3916
60670
13329
56153
58515
56683
10
21316
20090
30497
64056
22299
3434
47629
57443
46216
59902
3881
15211
5581
24298
43300
41806
19453
565
23983
61378
57022
50018
58816
59928
21165
21182
40489
44549
46928
31636
11791
2708
18957
42287
1229
41256
12953
16089
395
59168
43222
4275
41610
48802
61339
19374
25072
15256
52705
49054
43865
11423
768
4377
5816
54699
25558
13536
33713
6951
45171
45503
9658
64127
55021
43653
7079
2438
26973
7473
28837
4659
44514
37678
53461
40317
24283
45764
22804
44219
29283
1134
55642
62817
38277
28689
51981
63835
42224
20158
38017
54626
32892
14906
53217
22377
58559
60296
57582
19996
35000
20883
57422
13979
58561
45347
21527
17308
25575
44331
61527
22089
12696
18865
19371
50972
47553
38583
49271
57008
25972
54519
46098
58863
3890
1011
48471
62448
28538
40517
49675
63538
61400
41561
44748
21657
54139
739
6196
14179
45069
2187
3499
24996
53818
55636
10433
35835
28683
26935
60074
21886
15919
7868
47980
19808
41646
30916
49487
4648
5897
858
35417
34528
9651
14629
56184
63789
48135
29612
45199
60435
31798
48698
19896
20081
6030
30328
23147
1945
24494
50453
23830
7644
58320
6275
27451
34430
37190
44169
6310
10318
12259
41726
44846
21909
23587
2726
52929
6186
65104
32593
1085
31367
48522
53747
18679
54551
51306
9057
56495
10265
59509
47557
17908
19526
21063
12591
21187
58252
23991
27496
35801
36249
3687
47878
58157
60040
17836
45551
33457
17404
45375
34541
16002
61128
55520
1912
50143
41290
10969
8335
51554
37709
23123
36694
57234
44185
16516
12886
4133
40506
7613
39933
43987
44066
55043
3840
38570
7343
49390
6491
57513
61996
8264
7980
57588
63783
9891
9428
39537
53626
50529
58323
25800
8116
62248
50265
52300
13228
30382
23664
20965
5227
63596
64951
49292
20335
3256
55094
60444
19877
28816
52422
16338
37079
27633
41157
2558
37523
50584
9327
58381
35577
2114
51412
10924
31593
3373
63223
44820
33755
21351
249
38981
52179
32432
55504
39745
35687
45062
34654
22795
8343
21540
39132
12653
49172
47521
15211
53926
32569
57304
14003
35378
26649
65414
46301
58241
3252
11221
37525
4238
65338
5005
10450
19213
37436
418
58958
40354
45480
60843
63149
21054
16847
3977
33706
33250
51497
16148
54407
51298
7916
2875
53907
1796
2753
34672
60036
38771
13124
64792
43008
12927
37029
53457
32139
41696
53875
58328
16515
1051
53635
46895
54871
37713
18103
23041
5427
36832
6421
27066
22594
47103
29940
43732
48899
65459
12868
10631
38695
58759
42655
48934
6150
14148
36856
5520
55843
57962
31080
39589
26244
19179
20948
15579
24124
6283
5851
62317
43114
45038
23847
32939
26606
21018
11135
42736
20942
56769
20598
26868
49992
63252
10266
23373
11864
14353
61660
34939
39546
27204
8992
254
13614
62707
15832
37737
3454
54450
34519
13799
33952
58365
46737
60557
13848
25103
4989
2021
16336
25587
28888
33560
56070
6385
24164
2399
53505
20288
37337
27515
47491
13560
27769
61105
43498
10832
538
46951
65281
35056
27981
33698
60653
9182
61486
8965
34284
33707
43752
17852
26525
39871
18643
17059
46255
42806
19457
1456
63094
24025
28971
12281
4817
56739
40617
48314
34802
41155
62497
34548
43442
24942
35477
38559
1356
31427
14755
2871
32365
58506
20722
58889
32841
6596
10413
46328
49402
62636
15015
14192
53893
43985
26472
58709
2420
34321
41487
37222
9940
5680
39001
53381
30622
8942
59172
31977
7600
8391
2079
39965
34129
22801
33318
34201
62163
43730
47760
46029
8063
62775
27452
61955
41224
53924
55128
43644
22709
63846
48097
65415
3991
21562
20492
1844
63270
14128
1052
38101
22519
3130
12530
23879
58697
13080
58079
55325
24041
40304
35818
32103
37543
63270
28522
45998
18890
50881
56873
8830
49192
39434
8709
20414
28227
61967
22257
58728
10560
23308
31294
310
26437
11055
24188
19599
24134
16731
9388
48175
24266
12437
47509
61808
42938
10496
42271
29059
61376
33608
5120
12264
40274
13828
32677
35732
43027
54933
28925
53586
45472
27450
53895
39141
38504
45314
58739
62638
62044
35358
12509
20775
15026
60017
49814
25196
37744
59316
21486
33585
60156
26606
13080
34894
7665
12989
37857
50691
35153
34013
38741
15090
61462
59867
54230
34431
39645
14665
64300
3386
17254
11273
56927
65046
5754
8437
24706
43498
2218
13424
44314
62373
40029
24625
64498
47693
37613
4051
32849
7231
38064
38821
22320
33990
385
43781
35652
7261
25677
1648
43413
42930
12920
34804
42440
51441
10473
34378
62170
12690
47801
8180
42294
55061
32804
8488
37218
37649
12538
37298
44879
17833
10584
34430
19055
43735
12675
21938
50995
38351
23586
28873
48512
36505
30908
58183
55177
41380
59792
51811
21301
42057
27222
30826
64349
60026
39313
36032
32139
19083
40561
44249
4147
18376
13143
23201
62110
58584
45139
47570
64166
3189
10907
47142
6925
9046
39789
62102
50426
1278
15609
6191
43334
42831
4249
9380
4553
43561
45411
3923
29875
53203
48171
1254
6044
28545
57221
2618
21593
36824
50187
20223
7244
28325
34596
46936
37371
41616
10734
55028
42893
26342
61218
20692
36404
65466
62838
8188
10724
42713
44877
7830
30380
27512
41850
3655
56056
33536
6273
44880
4824
23691
65102
44835
52016
34162
26235
56618
10243
36968
46110
53135
30541
9024
41058
34177
41722
38360
9596
19677
48304
54473
60273
45916
49216
36588
49570
39737
4588
23074
51848
42178
46765
51415
54244
477
52808
47710
24326
30282
51909
4900
50649
49682
46690
58938
18323
55643
64530
60685
42551
47298
49622
37289
60445
33303
41108
11712
40271
12927
34785
26583
22336
16014
45229
11045
16490
65269
25986
8047
30015
12360
12946
47895
62041
26868
41298
47595
49742
40292
42744
26758
54821
26831
31278
16963
27365
6850
28674
2100
52543
63458
28682
9343
46704
41143
53154
30425
40876
13605
38472
5355
25964
18649
53250
55236
12748
61779
37295
62490
36535
47270
23712
58587
41332
54989
10014
3161
29070
5919
5260
16077
36609
1174
58186
17777
9548
45805
15433
50423
26641
21136
23009
19836
39785
43490
9536
19764
39733
14062
16718
43499
61331
7661
3783
37128
29881
13796
7520
58950
19715
45547
42258
23555
13952
34909
41331
23499
47945
23995
41153
9050
45131
64161
28885
52147
42116
5652
6375
49080
19713
55860
59811
48275
63520
63593
52634
27866
44620
27386
54047
31566
7397
63537
55120
21348
142
63682
12078
15318
22142
53230
24367
34504
51855
20483
21115
61202
58901
60256
11979
45845
50580
6254
28584
15797
37078
48450
10894
16162
10300
32172
14960
50463
30173
4544
6275
63081
2691
18352
12863
57599
6046
37229
26567
25132
24943
14913
20799
18308
42400
9
31384
60212
6262
27200
10473
10571
10114
21366
59499
53180
20769
8923
38107
50942
13467
11613
48487
48924
29964
61350
8219
3241
275
2017
28372
57985
16929
16402
43524
26560
16410
9373
21236
55438
36572
64475
473
13917
53072
59972
1561
8306
36126
39667
26479
16824
18511
42197
212
48474
5243
41197
51714
5518
43213
47317
30734
27373
63719
8722
53933
14593
18094
42400
4496
54665
41340
37735
3046
61643
64938
37373
4413
35529
44271
63658
52352
62781
40320
19796
12951
45562
60992
64664
18311
5902
13678
49044
33274
11861
57766
54438
59220
10324
31303
30947
32221
39874
3147
2498
35981
2549
7103
7626
38077
51373
5748
57661
15851
46067
44688
28801
26094
7376
60697
44404
13277
8839
60680
13783
53466
52910
2685
47150
30465
33987
12562
29917
8325
48475
65182
11538
51023
6749
19163
56332
58121
24910
15689
8436
38209
60376
4469
31534
34983
65165
43169
15492
8468
38313
29274
29165
25687
31958
10779
23384
410
56107
53300
41501
39046
52946
53038
57301
59694
6665
48097
19512
64342
31017
60714
4247
58624
65182
35780
28071
32043
46180
43562
40510
18958
7300
36906
11876
6490
47685
35259
6899
5488
55791
15631
44534
10433
3134
36299
37359
42565
51627
56870
8603
17108
19280
12849
10196
51694
15860
5498
18201
62040
16292
25943
15462
56358
62848
60104
62847
12229
62595
4210
17717
52850
52608
29482
63282
55741
33012
35105
2
19103
59206
8605
3442
45718
54220
46404
31876
4545
51901
17308
33816
2657
10482
16509
59015
40562
11077
56326
52790
8136
27768
37738
28217
14840
1684
58731
37812
34695
61067
5045
21029
54738
13649
24470
34920
35101
5338
34027
6877
24471
18566
40692
59894
29048
57200
53373
4074
35508
11396
24095
10876
6395
61833
39092
54001
30748
65054
59044
65443
60586
64088
53703
49788
44969
12638
51939
14534
50742
53197
21410
42444
6227
29333
36803
2506
20997
57407
39346
23736
36034
63441
1843
42428
26970
40935
63660
57717
7685
57168
24856
2735
22953
45791
19754
2386
25660
38924
49686
10866
26585
5560
20542
44
34892
57344
35316
23120
49215
9127
14087
19714
39799
15930
29373
34000
24096
60265
26181
31780
19129
18269
34515
42081
31291
21500
11698
56950
60424
61383
35047
21473
1407
55588
54283
3530
47396
24064
59416
63843
33190
7968
18021
40220
23897
14625
8684
15224
9354
2096
47003
28483
53131
48749
5028
18886
4714
16726
10300
65137
12573
45347
53841
46747
35399
42589
17508
50027
33884
11389
48334
34305
52123
819
8989
43251
48210
17672
58474
57564
19767
7173
20511
40130
55922
58305
59015
27867
42262
3780
27468
22067
16358
48540
36045
51756
58360
53552
36247
26708
32172
51812
28244
18759
19862
37232
62009
2537
22135
22179
60100
9134
29352
47842
49263
19738
7843
42742
14836
50105
13753
9535
6636
30110
58074
9912
49098
18131
63463
52576
12070
62867
38853
40314
16090
58714
44777
45331
28482
1377
1974
23046
10510
64092
38119
27004
51061
45962
36977
361
30531
50730
9895
4398
48071
35201
14309
31633
53331
45003
51441
65400
42334
57525
40178
25656
50703
52187
5451
13650
53563
40191
3927
31304
38748
42046
58307
24273
55239
29748
24634
53001
47709
1760
57398
30245
36960
38938
29109
24755
51172
15014
57387
60738
39770
64796
20858
57705
51447
59075
38586
39474
962
42512
38009
39709
51789
30780
31214
41492
27760
23079
28957
9933
24838
53586
7409
29030
59755
36518
53784
12624
18763
12867
7826
25765
12128
61450
17934
30806
22221
56519
37512
23182
33495
9985
62891
52516
7997
61336
61239
35756
18879
57428
12920
10948
12710
20329
39977
6930
24078
60993
52320
10072
8324
27377
35836
53218
23291
53769
18489
45511
44752
56000
3157
45479
449
33279
65226
41212
61846
60929
11432
47956
52821
57119
58904
65531
11912
577
39692
3221
61569
59243
46059
37125
21084
49127
24807
44374
37360
10527
57116
49344
991
27504
62054
34207
60783
61744
9883
24325
24369
54082
6746
44422
45665
114
44417
24808
33457
51340
60795
29491
45047
41318
1080
595
24909
58653
12200
29501
3645
3780
46076
37402
31283
9826
38840
59297
38801
15955
18087
63169
4501
57599
42055
17397
24944
53703
42204
58400
6739
4695
22355
19017
46012
56201
19611
38153
49319
64577
34885
52963
35588
48192
57596
34103
58017
30901
27864
31282
46855
13182
61682
51355
38012
38202
35983
62955
59136
45418
55820
340
50112
45406
19356
63355
36072
6199
3204
19855
38007
38088
40049
8060
20744
32109
42162
45992
63009
37257
11738
11560
17671
7885
62914
55682
13318
33361
20334
39685
46010
10618
7256
30586
56023
59379
28406
59326
32809
31609
46412
5280
36929
53692
46106
24904
20266
22732
5361
50506
27221
17098
29298
44891
57749
26676
2269
38298
27269
22602
45215
7743
33219
52470
5561
56474
46313
1198
17496
13586
38
63908
51633
36966
52064
32203
29102
39561
22167
34462
57299
49387
18791
21061
61509
43772
14968
63777
16534
9468
20844
28980
49978
21294
15915
55538
44999
29459
56735
62495
10277
24004
28099
61909
60970
14627
28576
57303
21420
17974
26229
13183
1825
45019
1475
63333
23255
16442
28807
7021
25910
49650
36000
43119
38175
19146
33121
50406
48605
57087
14597
58881
15555
42695
22486
43756
24553
18293
35523
45972
36267
28983
59154
38091
8467
27860
3121
64488
44302
31927
38740
37443
48808
41972
15026
54214
61117
15378
39084
11418
39696
53680
4763
55250
63606
60015
703
22624
12773
3457
3060
49039
32440
29446
54361
8138
57305
57481
7090
3303
23872
45830
7977
39911
22266
23002
28590
50614
5611
2138
62032
45306
23050
34026
35021
53887
28506
2955
10975
41278
6411
46802
57548
38850
43479
46373
46987
35248
5551
21309
5783
62189
34370
13759
36565
23867
3993
65154
8945
9603
34523
38208
54909
57572
6699
57161
45924
35204
60115
24130
43713
33757
5396
35725
39839
16106
49329
54057
18586
54879
9830
24368
18765
44199
5358
55329
2530
9350
22179
44242
18953
56701
16914
41093
15970
56379
32718
29125
26047
60064
53254
4224
28285
25882
7180
2588
41987
56509
56645
60572
13084
939
52171
31848
12370
57529
54408
47666
1343
11051
59139
53062
2217
10518
28619
18186
1361
61336
14542
60175
55864
35027
31630
51381
28140
6042
53968
4592
29782
12309
32395
42865
46015
51798
41945
58384
43791
30817
7746
12365
41868
1350
65427
11316
44634
61277
62268
13226
57078
11274
40632
14638
46300
6727
483
8905
45535
21683
46263
9781
33991
45889
19877
14470
32151
61821
40085
43173
59870
47831
55538
36202
16412
22661
47517
61045
18402
11481
41502
42711
22754
16599
57349
36285
56092
25063
45189
36091
46745
58683
45871
15201
39037
212
62437
38419
29265
36987
48824
23599
19282
38826
27032
35693
28718
41780
63969
14351
53260
39935
57062
10478
56533
16107
46762
14321
41169
59183
50411
22379
52330
63513
4811
58598
30957
1712
64249
60221
38698
47537
18284
25211
53594
45315
60903
49543
21559
26568
63893
9283
968
55419
52527
24732
5990
985
39053
47159
60167
56695
36769
14194
54673
41579
40023
20094
10522
38736
47546
49220
53504
33061
41662
8794
45607
4262
58336
34397
30829
56694
10911
64563
13809
63437
23760
19799
64421
30044
34189
26285
53970
38189
40478
10339
46999
14965
63199
57520
20933
45209
8436
8901
45501
50098
17695
25572
54359
43262
59968
52419
34420
5343
51447
48229
36011
42438
35259
34897
39713
36679
61181
28147
9332
3355
5718
56330
18319
3381
15546
39251
15822
23982
15384
61322
41311
310
21359
62901
43571
48558
49784
12456
53901
35695
27916
24376
45364
30406
26504
19541
1549
22149
14920
10880
58270
20637
34441
11054
24017
49986
17536
7070
41199
32919
35624
16974
33228
56982
14339
11264
7236
31355
56486
61136
34281
51633
52744
14110
16503
13712
33650
18051
3093
48569
61697
61362
3670
63369
39647
60454
47819
57183
34755
56250
57333
4843
7688
25026
29056
54794
3521
36292
53380
27238
64659
22125
13335
19099
36234
29837
32811
37116
15119
3135
20149
44047
31728
56586
41880
38607
18736
56930
30254
20722
47644
22051
25565
55332
14308
21852
11822
50595
58143
65201
12297
24499
54557
58398
43597
25256
55466
43639
29603
37816
14005
49751
16327
12965
8033
25438
51571
59535
16833
16289
14722
64476
5571
7518
21504
52646
29369
557
4937
54744
32989
50001
46474
22011
42863
24535
14498
26
35406
44100
37841
16642
61082
21400
29606
36347
46837
15641
30346
63669
64696
12299
29842
37499
19816
51345
24609
16417
19134
62312
38392
52122
46777
19330
8597
24105
11096
23094
56897
13733
34425
29202
30375
29972
50601
59980
783
64670
42853
63895
62803
42013
10659
59876
13976
63241
12918
5816
46889
32051
2593
19745
51404
49369
39074
60001
40705
17402
50326
32066
31134
19216
28500
61508
16419
46332
55953
49968
45466
33270
48327
9966
42514
26217
4306
23722
23923
17223
29537
38043
16505
64896
57788
2374
15962
64093
29606
23898
15959
14396
23196
47093
843
51695
43065
50028
32491
714
34460
12422
1215
50019
22387
43729
10700
59459
34682
1854
43914
64218
39897
60418
30811
32149
62791
46772
30706
26861
37901
46665
8489
61096
60989
42098
47255
38518
59358
46978
6464
28282
26631
40445
12765
16249
18638
23465
10172
53319
58085
21317
19234
32446
16200
17276
64594
46222
64047
62532
40315
3644
10893
16035
64740
6346
58132
13691
12095
51954
27900
18558
47468
54530
59003
27464
38010
44872
18160
15414
65423
10710
36730
51888
43155
52929
3628
9446
848
34906
6442
41162
38549
17334
57196
37753
56446
17024
18676
3005
36210
46575
21563
50909
2802
47797
12837
40811
59900
30997
56224
59787
41706
27419
13371
52092
47579
49765
61537
48426
19135
2443
56819
57684
52543
15711
62668
43453
32735
48575
46458
36176
29615
35252
21549
32416
50280
1617
7691
44644
32613
31147
6128
41550
58565
52265
28107
7840
36495
24108
56266
55629
59318
47549
15009
13557
63260
44909
24242
63226
27948
37931
1098
57562
7647
22646
57209
25158
57029
64900
37033
24107
63278
43160
121
56307
62657
28227
31378
33616
19567
22108
23709
46116
36889
5950
59672
1845
50858
18378
32302
13270
56308
33399
38064
31186
23276
29737
56343
14769
61868
60608
6107
26842
38232
6228
17613
35353
1686
48991
36200
54019
38330
59909
34599
42450
33090
61503
11526
18412
14345
43827
64448
37885
44457
4208
3535
2197
1177
27110
49733
30276
22182
55839
57118
27645
29298
41962
30230
63751
58184
894
52234
63746
28034
54065
40660
61123
50032
52186
46766
64376
63244
12911
36725
42166
17118
7492
11594
51061
1833
61326
15802
56781
51630
40151
18890
48159
16577
16351
46374
9226
50012
33073
7436
45277
21602
15327
8097
38865
1977
22094
37705
32453
35004
41662
9083
19354
16385
20676
4879
18217
49234
53447
9462
2560
28062
61118
50718
44639
44701
31557
21096
29177
31861
61298
8918
20694
11089
49781
59558
45833
6340
64494
12750
41343
40620
54599
27928
24236
9739
32807
42452
58972
53485
19145
28763
16012
14728
13946
27882
59428
12734
48977
55836
44594
44739
31985
32519
23059
16231
26541
36123
22570
58266
48872
31144
583
37935
59072
24818
14906
59110
1735
41109
47059
20879
4337
30302
2838
18282
58183
29497
31015
41624
19797
42840
53594
51782
9823
43885
35244
3595
14472
57813
61860
30576
56188
62442
35742
16956
54492
50647
43297
23458
58988
57588
11568
30556
22354
14406
16069
15002
43902
47083
23857
63699
57154
44683
17177
34208
23032
52420
37802
4735
11929
1358
35310
35348
31032
5517
52304
19988
23395
62832
10677
49614
54884
22244
14634
44470
36649
30702
26703
47783
45016
50559
13178
36634
62473
30354
38073
19969
50005
43106
57471
61933
44464
27245
64512
42727
65528
18512
29946
56155
15809
40622
40233
37924
62865
54867
16858
1211
52800
43560
48993
32281
61351
62170
36146
58288
59755
41451
45489
44224
19021
37424
7853
30716
31900
6829
7907
31893
25341
5084
22512
41149
45705
29976
13537
10267
52074
63162
11477
39339
8418
60469
38851
37000
24335
42228
29753
18554
18143
42473
62777
4396
14361
5094
35111
46260
44689
10250
45384
4494
15333
35127
45642
28270
65103
26411
5768
18873
56804
17244
25443
32453
44944
31525
3918
36510
8218
33670
55063
59127
43374
19536
63522
57734
57396
33098
5690
36549
10579
18306
41043
25911
53432
53916
21412
20231
47558
27179
6336
38826
11654
31778
5744
23829
63303
42428
60338
38752
43329
17097
32343
21167
36632
63097
46132
61259
30659
19053
32273
8469
37358
40547
34379
58022
28927
55791
12717
10950
50201
51819
17007
61855
18062
55517
20148
48596
32409
14951
21812
10202
64814
21386
64135
35911
18947
44731
31634
16837
63784
31138
25305
2838
6149
26916
60859
2308
17171
40808
46024
34603
27091
63030
30922
45152
20244
18302
60979
19884
484
17255
62853
65297
38641
61452
2904
24819
7880
34538
41656
6128
32907
34192
41732
39056
61107
37056
41363
45509
12328
21851
14577
6650
52112
12730
19034
39587
31031
14477
59471
31514
31732
56788
64043
37604
19936
1411
62422
27815
35948
5774
1174
3320
39966
42906
9607
35537
47193
50969
48278
59520
40051
62854
634
59394
10048
52434
33446
41079
1376
27381
39824
33107
51400
38331
37942
38567
39742
2060
847
42921
40601
34787
13472
47798
44924
23078
50566
26581
41278
33308
53332
48560
30626
21198
42419
40674
8096
10329
48984
9471
37709
56039
9809
56340
61602
14982
29371
35808
17042
62984
45960
24874
32236
59432
7136
11624
49741
57701
5437
25484
25474
58768
41275
56099
14430
18158
64004
55293
28486
14684
64763
33426
37955
41804
24230
34021
56785
53601
4293
41058
51049
17484
396
50516
11380
7531
29372
61121
65232
34808
53836
25170
60807
29575
48500
9702
47733
14201
32226
43450
28884
31453
11341
1303
40488
2802
35323
31738
23634
6847
7260
9148
24331
7656
26895
2942
15186
56266
31294
47649
58305
52361
7283
53577
16401
23015
30510
31365
37215
62735
42046
563
61419
53386
34633
36372
56188
37187
2574
14286
11266
42600
56200
2828
50255
50327
5769
32673
8289
4295
14786
1059
56655
54836
21867
40287
12315
52376
6116
49529
16807
48162
17323
12690
3244
19187
16293
26663
23606
51633
8181
34871
28698
31612
4930
46184
16403
43465
13321
57459
47759
60874
58517
38879
50174
47615
13630
62488
34455
52513
13713
18493
2371
31035
31182
5614
50222
14707
65044
8292
804
7689
10394
62268
6532
15323
42917
22935
58787
56237
47625
8243
51575
40606
47121
36213
55452
27982
397
24371
47726
14109
42863
50096
12376
41276
22942
29829
23214
22450
38120
24018
30138
15745
20750
3901
63834
30898
26835
24317
21600
41691
32559
40406
49528
46911
43851
39444
42125
44247
63814
24315
25588
8373
8876
37963
16881
31817
2256
40094
21498
7607
31343
18867
23351
19325
22767
54416
50222
16834
13197
39053
58524
45756
13924
42517
59898
57774
16425
36487
3717
47471
60802
29304
55843
4142
34498
39955
3190
36753
47281
24687
44359
13088
10785
34941
65179
33551
23821
17098
50384
4250
56150
43373
50005
37305
20354
44367
62310
4010
15319
492
51480
43352
62562
9020
14725
31525
48974
17914
35509
30719
9832
47100
11039
53383
49272
43449
21398
40325
60546
6247
44574
51161
16851
61810
55697
4436
7873
52472
8445
55958
20195
27157
33774
49988
36176
48498
48744
19614
33643
18718
17565
10706
33049
61370
64088
16785
39283
52718
24341
34294
26196
36146
52686
43046
32420
42847
14713
7525
62550
55924
63482
17209
17545
64488
1662
53720
14682
17637
40566
15557
36354
25362
59029
36634
21196
57582
20651
60478
11996
44991
29236
38191
48369
49153
48468
15253
26465
63180
55544
56246
53568
53491
7920
38345
19675
42348
59296
34356
59984
34326
49912
63570
59687
43406
1900
48114
2684
22550
43057
47446
34773
39524
20101
17606
23142
3033
90
49606
677
55634
7548
21476
10821
15467
27052
30495
25046
20813
32082
52262
55138
49226
17528
16522
59863
19427
64635
29778
9209
9388
11688
43981
48912
31788
28818
6518
2052
28907
23355
35495
51772
30902
56970
29824
13601
18487
60318
38646
6531
59632
58139
61668
43322
10131
45421
37649
29558
11753
1891
38766
21140
46345
49978
4516
12597
13260
11033
47415
9398
1619
17374
28402
32521
41575
58225
46121
27293
20240
51998
33823
14336
44602
29956
24889
54732
42608
62537
18754
21592
31659
24751
42732
12468
41960
14479
57831
22451
58279
39710
64616
59897
24315
27482
59649
354
52938
40234
27647
7642
26697
61469
54744
5763
58656
14097
60494
35729
43865
46480
57320
9988
38462
1748
55222
14887
16227
14749
37337
41737
21690
36417
36098
46004
31130
30212
46358
18533
37677
8469
58941
64373
4402
48150
37367
30290
62246
65093
483
7808
13269
25034
17795
51730
59549
40249
33848
43007
22229
38417
19208
43919
42065
22537
24387
40427
19980
37976
58959
24889
46444
19596
56493
18078
2210
28325
48367
31688
60649
16081
39495
8382
8346
24521
27343
2359
32001
28423
12597
54230
1304
64571
32613
10600
21573
24231
51026
8784
62207
11681
33672
10347
31277
24630
28424
718
20186
44022
65172
15299
27334
39131
56447
35680
30884
18254
5270
62884
13908
17867
18810
15211
16902
18654
58578
5706
42885
44068
14490
6788
22981
15393
17134
54257
40022
12790
22206
27439
56811
21843
42737
51377
28205
33648
21521
59088
19134
59557
23669
33041
44655
9710
15484
28789
28364
8526
34494
5713
19825
16215
45267
10037
31608
62400
64293
38861
9654
20964
765
33697
10038
10733
19538
38242
11613
8290
31795
30746
2311
22695
31018
14198
32404
46501
42986
60767
22258
11944
33711
9315
60926
13442
19351
59765
43074
50876
322
52727
39071
1086
53655
49108
44586
40424
21814
56198
48713
20840
21408
18256
10766
52425
32453
43170
623
9903
5633
22880
54613
6576
64961
50003
20017
18777
11464
63090
4117
11786
17514
10419
45638
38400
59526
24688
13289
48571
15350
29233
3876
3989
47488
14641
23646
47172
25042
24268
24306
63442
14379
13384
4482
13805
30618
57265
32581
9314
54820
3929
21099
39565
14347
1201
45196
41104
58656
58484
24139
41237
22182
60781
45226
36901
42654
36103
51305
2160
60370
10075
66
41980
56225
37314
55784
54075
29044
55596
63388
51095
26756
51718
25124
41102
20150
4784
49437
13270
30500
8041
54507
19913
36053
1429
24045
13171
37531
42581
48098
65132
52656
15395
41576
10577
52709
64592
31883
16217
54652
62502
1776
15873
48684
59666
24206
3299
31681
40875
49335
29412
48915
38306
49324
19432
6966
40601
65370
11728
17646
47932
11324
37533
63326
20132
48110
50499
19188
47224
33947
41071
44191
35722
24175
27339
62619
15613
63404
28765
56487
47204
58176
39866
52741
9197
26529
59707
49797
59130
38666
34674
41526
49990
6672
6549
37353
22013
24279
56540
3701
58226
64842
47891
61179
23482
9695
58263
39094
7563
54259
30045
21998
14131
37142
9204
23327
30902
36142
40355
57264
9272
9494
33254
59261
16165
7034
63845
5409
31313
22081
9109
24003
21388
57000
19646
12101
33926
12373
51194
8720
1096
48470
30718
15227
52843
39921
5785
50976
10527
46140
42704
52565
22865
43190
13523
6261
50223
11832
11669
16000
33913
20777
40002
55300
45008
59648
1865
13398
39252
20290
22118
7580
35991
52835
55573
23298
59987
61357
41505
37745
9193
18674
24774
64824
61863
38296
5549
13782
50128
49984
29782
51272
37993
37015
41036
17465
31127
10132
30863
37611
30421
20212
12422
33643
40278
2459
56940
1961
31047
32909
39705
40240
18814
31710
6760
47908
37238
12309
61690
54597
29524
58703
40333
1981
30182
48600
19446
28541
58731
17540
616
56383
4983
13037
24490
12492
48262
48661
14452
13773
48801
21388
21244
34847
53097
28004
17219
57566
7544
46140
46627
37067
39307
21424
6280
3954
37255
58492
32494
63217
10496
341
54064
48245
46144
45785
60736
28870
61677
9652
9874
12175
63806
31118
47021
18599
26353
31471
10630
1128
12076
57256
38194
51382
45912
11705
22567
17631
4661
22292
15313
15156
22632
36608
30632
36007
49625
25832
64876
12998
2715
41982
25172
985
40331
6657
52351
1148
38128
62980
2275
50203
21932
7700
3281
35075
19405
25848
19938
56832
48139
2482
6453
38003
6321
4316
8474
55945
30148
40582
3408
94
49795
28579
33846
24590
2468
20661
58504
40595
50872
60778
58029
7268
35709
28541
9575
22345
21620
29512
13642
36991
64760
52861
9458
5545
57176
50698
61490
54555
58511
32129
54649
42770
27939
55726
1824
30406
43618
60327
38232
28954
22801
63492
3453
25742
26498
13027
48086
48117
9770
28959
19572
8994
16284
61796
14539
40692
46959
43260
29711
7166
9853
51591
49936
37791
9013
18991
2662
52630
13783
8125
16048
3815
6082
52268
29556
32579
65294
44874
47927
42296
8297
34731
18521
24581
30991
33059
32504
45181
10783
29446
52347
53402
15502
3979
25658
57281
22969
61086
44376
3983
36442
27655
7798
42523
14387
37353
9566
14146
49458
24725
23673
57755
59455
42193
49567
24910
42484
16535
37323
20498
45980
56901
8365
28713
60879
1254
20459
51079
29571
64834
55062
477
26953
62859
43000
41340
1908
19797
22717
51366
11753
13621
10817
5672
55813
60383
63349
65528
11382
2368
20491
24593
59268
61622
53306
21843
62875
40996
7386
59677
7526
62447
27385
1710
27002
37616
10281
61677
24645
229
47507
36397
13849
25555
42069
36894
20402
7114
36886
64550
9481
24608
56374
3213
20694
11376
25055
50800
52371
65207
12173
27128
62119
39558
28838
23585
11638
39118
19726
36282
39347
34464
39911
20427
27250
49211
24552
47651
56324
61438
13897
269
53277
4736
36248
41203
16111
28534
26467
35714
28205
38640
62841
57555
45429
26143
48372
24298
32493
35329
27812
39071
4258
2187
59497
31507
51397
18514
46390
42185
47183
27518
9685
34924
32253
13164
10591
15596
8929
4290
51309
4365
10161
15846
61920
55589
9221
11988
47118
41713
47316
9394
15248
18805
11580
9209
17544
62976
60489
63933
6857
42136
25915
16541
44292
25400
62471
22114
8227
38631
26403
59535
42996
3795
42612
6612
26615
51832
18599
8198
28009
379
17591
10488
51951
29171
52464
3959
26611
47417
35123
700
56785
28269
50007
2773
53668
46943
24886
61894
20038
18521
23125
30265
55082
32969
36876
16162
19265
22706
24359
14506
55852
41949
24993
42267
38351
44688
46225
32194
26570
15812
32893
50586
44080
17364
53358
64980
31538
45475
28570
51576
31227
18927
49072
20774
51895
20413
36935
5624
10350
28525
52896
666
4938
45121
42932
10521
24273
23621
42714
18074
6664
10071
3124
17976
60201
23713
17420
26204
36420
13221
45011
34878
32147
28547
55651
51273
16191
59817
24129
26541
22806
11489
27206
60511
56609
4603
5496
15347
60990
15441
33420
34886
25511
3776
52861
20176
60255
37512
46379
63906
50732
58621
33249
50111
21633
56131
3080
37823
50413
27208
31595
40450
38697
58801
2657
62537
30635
40919
12348
58856
56359
13000
28206
16334
49542
15531
3742
11493
53042
17352
9864
5471
10438
43112
22813
64837
33707
25892
4356
51351
53100
35951
59033
59028
29216
61689
56029
27082
37073
2842
20402
27896
48608
48608
11462
32614
64138
47970
44106
18877
65321
21201
57114
42990
64312
14391
42291
65251
7514
46647
18298
60613
17062
11795
54105
13509
7949
11831
40590
12253
47439
60991
7380
30511
11295
18841
30356
42665
1275
41693
61541
33828
62894
53119
11282
28902
34741
20805
61384
42254
34683
14147
4564
51744
25941
25900
32484
1121
37730
40305
46140
19633
2992
53520
17375
14287
39592
47730
56951
8099
56655
20188
41926
54013
7771
20439
50146
9743
8475
45995
19228
43157
60141
23791
62132
53313
49691
29080
21666
54652
3849
35037
41517
6841
23021
58891
53894
62613
8318
45309
37943
64972
65496
14333
20681
40498
2003
5291
17472
43245
51285
36699
20866
13122
60490
50230
33667
11877
13774
22564
33760
50390
57600
9741
24462
15086
35864
12820
44930
44181
25360
17337
43617
58087
64436
64297
281
33670
36819
17752
11379
22569
54450
65012
2922
16636
49706
3820
61279
30711
26383
62271
48332
18448
6476
7258
765
9571
52844
12926
53751
45435
63029
64599
37986
61929
30592
5498
62830
1876
23249
41441
57211
44931
40917
27364
28798
57854
31184
57309
23029
57566
54044
38593
43245
27751
45850
44009
37322
391
24166
58304
45825
21659
57368
51043
50819
22424
56540
48114
57066
47021
24019
15973
26416
32167
43337
22445
57252
8985
14218
47512
33782
35493
20569
44259
63244
884
55499
2262
34041
14130
60565
14330
35788
19629
32604
21072
42053
23609
3650
815
5094
60435
16788
64276
59833
27356
21185
51549
3572
2635
33525
4585
38127
21326
48843
35835
54976
38807
5328
23481
52936
358
5042
23188
19986
37646
11491
29270
61254
47907
62852
33579
42806
46871
32319
4335
8691
53503
23115
12262
23369
23872
16846
61496
45197
32921
64562
34637
6192
4355
58117
59127
37479
30390
49546
57464
2500
61037
53966
30985
43408
51282
64563
53446
32617
64113
25012
8539
19313
48127
20800
42681
6463
4877
38641
51659
37797
37668
53527
11220
9254
13340
4811
46732
43729
21589
38660
46229
49857
59857
44445
27729
45603
10705
48406
45451
9282
40650
53989
28594
23241
42020
5740
62470
46897
11612
48593
51925
16511
3816
63145
25764
17155
35187
6960
60883
56775
12852
8808
41096
7173
20485
36057
20008
31189
51694
65458
40470
26808
53912
36296
17280
63163
9267
14214
44524
20878
62806
63681
4621
33853
28522
30384
51007
63708
4576
46355
22180
50194
22394
30507
24598
42878
33795
44605
8531
19954
11760
16233
13993
32903
52528
31273
30530
29026
45486
42286
17135
9989
7663
21755
43841
36184
52139
29313
1588
23946
42899
23767
8604
32524
54274
433
9867
55300
45038
51164
9718
24029
1861
56478
24163
21620
22215
54692
50645
34932
64209
2245
44920
6336
23999
55993
42519
43369
52537
44107
34546
29900
35105
10381
29655
56610
10814
39521
46375
23083
57917
23324
47111
27009
14266
5738
48629
3712
27661
970
38644
26335
35981
50795
32670
27212
41252
42421
37812
61020
20992
6823
58151
56096
17203
22271
47171
60783
29023
60777
18330
21404
18565
65440
48413
32831
38409
64273
36542
535
65242
42417
59636
35688
27677
26770
30131
36160
3655
2407
31645
57413
9229
24260
15206
59199
46530
62376
54446
42785
57617
7241
64188
43413
39912
14297
10708
45553
13034
14482
46087
12741
56898
40187
15660
51806
34188
45790
55198
5075
15428
21307
62487
24657
12798
12157
51087
26560
41764
7229
3809
1077
47236
35228
44490
21613
49525
22429
34397
62558
4142
14948
42530
61040
22366
25421
14542
23785
38442
4204
28859
53870
58277
58578
45758
5540
5199
31309
64866
14195
38537
3139
48038
20238
38366
26992
9082
55122
16653
43478
52145
20794
25657
29139
49065
15254
21792
63607
6270
60233
35042
35129
48567
27784
60938
61556
555
601
27329
32652
47562
33098
3022
30065
20567
8619
24288
62415
63741
40940
7589
50350
61734
477
46720
45263
15730
35743
10566
54766
30441
12840
24359
46239
7855
19761
42260
8409
53129
36820
8292
2387
37149
11313
32451
57715
19931
23971
21826
50903
64910
29414
2949
28340
62657
16901
40835
45618
52643
51400
34849
17548
64239
59207
31019
6558
46200
7743
47733
1025
44562
23256
3411
16176
34568
3094
41122
21731
59831
30180
39865
26437
59593
42814
54777
56715
59714
30076
4029
46821
48707
38877
31601
14643
65316
62619
53967
45980
4826
3397
14236
16619
26652
50413
26
28452
20738
8380
17414
15033
38559
57278
41470
65383
34556
63478
23794
28734
60785
27823
42787
43956
1164
8852
25830
944
5935
47029
14155
43527
50425
28390
60145
44308
46035
27403
39991
1237
35782
57404
49037
41572
16379
24971
41419
50934
55680
32445
46900
50929
60267
56918
62116
28662
234
55178
29606
38935
36671
10992
16926
21560
6614
44302
33099
52648
38936
7555
53884
9182
32190
37385
17985
48568
29587
26636
1199
52498
59080
48098
37891
21043
6712
1704
49704
6945
56881
46541
13111
28016
24765
30036
16807
31378
41569
17137
18490
14970
24691
39605
56918
56881
44222
9368
39913
41040
3235
8343
28003
62314
23672
33125
50588
30383
34828
34756
4559
58940
48529
17669
21420
7758
14936
5458
39135
56505
22595
24856
38706
14517
64460
30088
5862
43146
6687
13007
18651
42688
21349
13885
39466
45021
47009
24518
42635
49069
26506
47194
42473
42266
64862
31125
50023
14263
36582
56389
37999
26408
15709
43936
40925
14633
41255
14018
57779
47942
59791
43661
57861
48372
57545
31792
60624
6250
23541
37723
55318
17278
19381
65023
59543
51475
30612
11262
32969
34425
2115
5432
60833
17823
49367
3454
32456
25086
50238
57466
40259
44494
2823
65352
27330
27599
64375
22418
33848
22380
60140
23631
6890
46753
55885
33664
32692
20961
44926
125
22617
47040
38323
50681
32095
54921
54134
31782
47238
38837
23712
54729
17795
26534
54545
12356
21364
53384
34773
55211
42995
62144
46073
17116
43361
36422
50780
43284
57382
62937
10640
47231
44441
48962
32376
43767
5579
20975
10013
20049
27043
956
42009
12069
60256
31018
24424
16084
51633
59196
5760
61859
23036
51832
13440
862
55486
31451
11377
14564
28852
22017
61794
40524
38210
28635
18756
43789
49609
61535
31069
43883
62491
7542
55951
57211
5791
14839
7760
57423
41266
13519
20978
31533
32582
34417
65161
22532
33099
11003
37096
29182
33019
33354
4171
5693
29220
55693
16713
46060
51692
47781
24407
48647
55322
47589
7555
61112
29659
15314
20231
38156
61599
41209
4154
28645
42857
3779
18409
43188
14781
55504
6834
47799
56089
11004
20724
19774
33928
4668
33065
52852
52449
57472
3195
9467
39525
10749
37811
3649
26062
25273
41804
22125
33713
13189
18002
43802
16968
36410
21454
31748
59145
28287
46779
49698
6523
34734
36703
40450
39401
4233
60533
59081
28936
63728
35780
35692
8941
8055
6572
35003
559
15608
24359
34272
28796
42360
12538
45763
13234
33991
44743
6843
29509
58753
23773
36031
27951
27707
43713
34583
64706
38710
28129
28106
4134
31140
63798
13075
39194
4834
15309
39752
20441
39667
41255
16469
49259
53792
62231
29724
55014
8670
3799
18988
1887
27571
22250
62604
22509
33194
64419
21680
39136
59779
49785
43269
25383
15279
56343
31808
52880
6116
38791
40552
13015
14511
57020
29505
35534
20948
59228
25013
29617
63026
11232
64271
57828
33481
28571
14802
1140
27454
3713
40275
54464
53497
50775
14311
36008
41583
46118
23352
14930
52141
63903
60711
1116
22620
24680
36649
43567
51140
28893
40415
15862
40124
39150
40922
40837
34953
22955
9208
29638
26667
49482
18567
47395
1953
32877
17867
43535
46227
41218
25697
32832
6818
53639
1179
29437
12784
37827
40235
31155
33952
15114
47016
8540
54264
22402
49376
56448
45356
25815
20550
39254
9761
39116
21114
44481
39225
38980
22480
19916
47430
15408
19979
21479
3512
21157
50915
49062
26215
25614
14681
60166
7959
61696
35938
62222
51330
52545
20366
63917
12825
40916
37636
55352
14496
25981
34297
53720
64960
24009
40867
14086
6648
60845
35564
10159
49233
53710
26452
42680
46555
41132
4542
54514
4525
7711
18432
23086
27488
38798
21467
40312
14178
26334
62895
61440
52314
64424
49625
18971
55664
57723
288
62311
20265
35852
39702
3962
56793
618
13873
5045
41750
18415
59558
13506
26125
45221
36591
53612
51250
58057
61155
32659
51623
25747
28564
38401
24635
12653
24603
47530
37607
24891
44305
57871
27974
51238
61833
51998
51856
42937
57042
60837
61351
18296
8807
54708
30749
45397
10016
16463
5150
38403
49122
56772
64149
12150
62405
56015
57569
54239
5241
29640
13594
49545
21976
8799
35248
51040
60797
54335
28441
52303
49636
57024
37831
58442
13428
3044
38303
56210
19506
10684
29077
35859
1921
60457
15240
31557
18168
40040
20260
23408
36912
1086
40185
58887
9884
42664
11623
37912
31463
7295
57447
15563
31550
29742
8469
44977
17
14003
2884
52289
57453
31960
22613
59373
59649
37852
58161
12281
45124
45653
2921
16500
46738
43105
42618
23853
53000
21472
61765
18927
28766
53676
34489
27548
50649
10189
39756
50665
56958
42639
37418
48875
9064
60030
9945
35944
65114
35337
15456
11934
15454
18376
28433
29423
28712
5515
53276
16176
26986
16737
35102
22983
37644
36822
50530
22757
14242
24751
40653
38431
1854
12535
21771
43684
39797
64482
46859
6607
34283
62315
18540
16969
15155
46972
46391
11099
19718
1363
27274
46703
50866
29608
36917
22974
33661
21912
12962
47903
13894
53614
20798
48514
33381
9800
59430
7642
8746
40753
14248
10261
37532
19
27229
19919
46990
40851
31017
33939
9446
25522
15106
60311
55129
19254
50517
23255
41165
63478
38389
22290
18789
26418
5269
52169
36218
64698
59810
12195
39915
41289
55222
44679
41307
16915
64597
55528
24998
62845
23931
34443
22831
6268
29218
45192
25521
14199
35678
33918
44909
8531
56207
63697
34948
61475
17562
38397
27869
11836
50592
35016
20356
40278
14159
28894
24425
45987
51653
49422
43296
42815
51096
33358
49082
14778
13014
41834
61744
48691
42983
41117
24453
33655
6510
59401
62361
24071
32262
24695
3138
50085
26942
56260
57595
41100
19618
16484
21551
5735
33137
32078
48549
18697
65435
64862
706
45681
8392
62449
61603
51375
5262
20521
52261
44538
47153
16318
35840
46646
41012
38977
31196
2418
62468
23255
10749
16550
6970
65066
55051
40106
31608
5296
26034
64275
37389
26739
44420
13013
56420
7719
64387
28913
28239
18344
40683
42623
34661
10987
23734
42905
17196
22161
12554
14128
12647
23303
30678
52383
55600
52960
59720
21673
25488
20218
53179
62876
14188
64830
10353
37839
7013
41971
1217
2484
27546
41899
45106
62207
20117
36071
6808
37312
25463
19361
51440
38109
9895
49349
24956
32727
36773
51907
54399
29492
6589
9274
26833
53544
8568
4417
25847
48347
13620
27063
50830
41165
36193
63168
5068
56310
935
11875
28086
26398
64003
46757
31738
41129
30570
23926
8320
34575
10297
29950
64066
16886
39223
58130
37661
15022
29779
63507
63369
43398
57802
48663
51794
61226
46295
56862
52000
14462
35968
47318
40859
1667
28539
7061
42796
26341
30986
18347
60915
41283
48297
26677
25400
54751
19272
63060
4238
49050
61031
2071
26912
20529
50733
45937
16220
64260
4495
35451
13186
40463
17233
21276
42129
13004
28336
52156
6576
59322
37735
1955
2301
20496
28631
27700
9711
15134
25224
46715
64183
53486
48785
58326
8480
1215
38728
24699
32706
43222
60149
13123
50916
44614
34398
60277
24849
62733
46897
31424
23751
19096
610
26051
6823
62007
20982
49301
11606
13437
30480
10253
1388
13730
3044
42634
47711
9003
34564
14881
52224
61944
28003
37605
8254
62400
32346
33102
26829
46474
31757
50580
32802
32366
43862
39624
28838
64844
56156
40443
12745
21101
17927
46899
2062
53737
56764
49772
62739
25792
31884
49428
54968
59886
54264
63221
23982
53841
63555
50810
34779
29776
3086
34812
62142
46948
41668
58211
13488
32288
350
58999
53388
18276
40363
22681
6478
64358
39684
3681
57382
6032
20340
46814
33149
41835
44499
24362
30140
42518
9637
32151
6759
45489
34194
36132
59668
10326
61574
7620
42614
61923
33851
30466
14663
41445
20379
53907
40267
60062
24820
32113
33326
12391
13391
939
54226
25122
25301
51597
34871
2169
50979
8861
14889
19638
44992
9022
29963
41030
49408
7041
4649
17723
4739
19312
59167
25117
40450
33899
52410
65269
476
20200
12125
46634
53906
33582
38987
46438
19643
8322
15838
37854
17183
30726
57491
29406
6979
21918
4901
56387
61726
42316
8574
33696
61627
2206
58812
3774
3336
12918
3507
36578
350
48398
50443
54255
16444
23894
2389
3319
32216
18226
41172
49398
16183
33127
13268
23162
22276
50935
14013
18466
27716
55353
19393
56574
24790
12669
60347
60892
58354
31086
31935
58703
13948
16842
47422
30392
7968
17042
33710
40183
35267
9346
56812
18681
9704
37311
41842
64746
22711
23086
50444
17658
12904
4301
41463
4925
16970
3507
282
42555
1824
64983
35722
15771
49056
50375
13394
57023
1881
14335
64437
37147
56447
55713
23059
615
27489
64901
65361
17431
22451
50269
2320
2586
21801
11014
40278
38770
14520
40559
48556
16343
40006
18742
64881
23526
3581
45506
47781
5461
59841
46682
9839
50752
36860
32898
18599
31580
65030
51191
49010
54712
3156
18561
57298
24956
29574
32040
30958
11326
39830
13978
60435
47067
32720
59780
37824
3532
39751
20069
41760
1288
1216
18830
52039
5307
51727
37869
4118
18453
56291
20359
7630
59446
38919
64927
51634
2957
64198
17056
47049
5724
63800
41949
52790
63751
36193
25078
1748
43175
45147
43507
44462
13594
62336
63733
51667
15760
36066
55784
34212
26822
10607
9073
53499
49525
41231
39597
19713
39893
23884
33994
45616
22149
10407
102
20364
13831
25180
22111
57006
37558
32849
3164
51151
62417
1361
37282
45408
4659
60297
46851
64247
5368
55924
52210
22124
31619
59039
9068
38744
17387
43061
51591
39535
53467
51693
59899
1763
11337
49241
26000
48894
16555
29163
1741
13436
30524
6254
26075
35182
1015
7390
1125
6382
63313
53334
61272
29397
46837
4804
2605
64224
15097
54195
5455
3028
7584
65353
37557
18920
49059
63556
35045
32845
27184
36785
13512
57707
43038
39586
60120
44052
46975
61244
17665
44753
16274
13401
41381
30343
50972
11217
61798
533
32643
1717
36327
40227
34302
8349
59146
50592
6369
61423
17901
784
32672
31412
58490
42942
5462
20306
54225
52436
48781
6355
64420
32287
52522
40265
29861
5190
51481
26123
38489
18589
60606
9281
26047
29372
17629
52424
14428
56764
48311
65095
57548
48215
30971
17734
25621
36432
5272
14310
56100
54052
53431
54984
53570
7650
62481
17895
12839
15658
11249
51328
34246
6320
27840
27524
2923
45468
14413
17351
36696
62723
49677
61475
45402
15113
13674
38254
18776
18945
52564
9340
40228
7691
31556
28263
15340
61268
13389
60946
11390
24638
13970
12868
30957
41809
40391
33879
54508
54803
18461
58435
51991
2603
54375
64624
50482
35280
37343
3722
54224
57138
45829
61683
32060
44616
24410
14632
40348
5031
10042
51737
29668
56778
64604
60624
283
39460
61734
54790
61494
47427
14921
47949
17261
3760
14270
2207
6271
18844
38695
60494
10446
18988
23874
42505
30835
15515
24368
5647
20545
34409
24616
50212
58418
23684
12532
58700
30375
41498
15186
26334
23389
30107
41514
40649
1098
23015
10087
7369
41858
48781
35094
19535
35001
58967
62040
300
8947
20872
38714
62258
22513
63329
46935
48162
54244
59466
8559
51851
35428
23744
45416
26048
21082
21394
33928
54947
44409
44014
29547
53498
27260
64640
7498
29492
25304
36769
29791
1482
24872
35736
63739
14616
33529
12370
62778
22238
39068
38568
41320
41727
62311
21200
2240
50625
42593
36167
40036
54233
47413
4047
9428
41904
35918
16925
5860
28453
53693
2882
29934
45796
38618
60905
60412
39378
40506
57654
28847
14038
63453
4631
55765
60228
25830
25236
12549
35655
28634
19816
57119
10511
56629
1011
52414
27012
17935
25505
22696
38859
28387
19862
19120
34236
15231
13996
8078
55736
38881
4157
37006
36798
8787
27235
64257
34617
19702
44038
37503
48335
63853
29086
26078
54947
62864
12956
49190
15263
5693
6350
21354
1311
58978
7705
2778
41440
54467
10855
64408
60579
47778
35878
64608
56565
30344
30561
58413
50045
9063
63147
76
40148
26697
26153
62326
24025
6341
45980
6520
12033
19561
60640
46110
13004
2809
48887
21675
24507
26973
20547
19550
9216
56424
51389
33012
53999
16414
25889
5740
25477
23500
5816
32856
17428
64735
29646
8685
5540
10090
15204
50339
62417
43075
30913
42652
13115
14264
64327
37621
8469
19338
24402
17684
42994
10255
50695
31457
26668
43815
4429
19376
34546
10244
52231
51973
9443
49108
60657
47750
26429
43092
32553
23311
53398
30698
33194
977
12193
31985
38597
20661
18555
30230
38344
28780
40484
56270
27468
34384
34549
31896
53759
3559
42139
7687
22764
18814
56794
50652
33795
50455
60976
33579
8230
48838
64276
8655
49815
43701
7872
55643
64361
26426
20338
4402
22437
28053
60671
49904
62436
62452
16265
17892
33242
25635
58345
56005
11680
16835
41122
45474
1754
36562
46285
9983
52631
45025
51405
36910
55957
59276
59785
54783
20166
47354
26416
9834
9871
54318
59737
39539
51234
43233
57430
51708
36100
50239
42177
15011
1538
50530
27717
36059
54323
8466
46041
41419
20722
31910
45560
11144
25650
39809
33158
13047
54394
59573
22880
64265
15587
49849
38268
34053
60313
62929
20225
30877
14864
29633
13120
16401
14628
40836
52459
36182
49301
197
12065
37254
64873
24857
48397
57755
31897
48786
38033
20756
42823
28145
52252
25642
45225
24984
59694
40002
55144
47150
38111
4472
44014
51230
20872
58641
59297
40563
62055
10294
7991
41351
47547
40095
672
30409
65081
32569
13659
37579
53324
23714
32955
40040
16587
12644
32255
43512
52645
21863
57893
57987
26334
36371
10913
14437
62244
4674
22231
58763
47734
62988
34578
29746
37548
35250
27386
4325
35050
8276
41903
55605
64756
42089
62876
15807
54732
29595
26550
9074
18689
18907
1525
12254
55278
45205
59457
51986
17110
48920
45213
64844
46372
47022
29054
51151
16736
56439
55476
19017
31946
64610
9086
31167
41164
6426
14205
63127
3252
40755
6665
54707
26893
40957
1425
16635
20626
28114
35852
37735
11498
48296
37043
25101
29783
33328
43484
13750
56998
33424
32767
23409
65265
9084
21807
8125
15510
3243
5717
51528
11229
12381
40700
38122
53337
9356
21988
41194
4701
57840
46161
48965
40600
50435
8531
4847
18228
52014
18597
42457
52669
18595
330
19630
27678
54903
27755
10419
58146
33471
29179
3839
45851
37110
9192
885
13697
31180
9310
18398
23484
22702
1827
31315
7602
43124
3394
58596
29602
54757
35517
49502
7816
3079
3597
2725
57981
31351
13144
17823
32053
9554
21662
12368
46663
30853
46019
60359
62032
22561
45988
52747
45262
47815
51294
20095
25403
54687
13155
22237
43908
48672
38970
51723
51750
9798
21679
11427
41148
34822
29250
7665
44375
18143
52800
58269
16227
515
53093
45491
55842
33545
32702
35569
48591
18460
55663
41226
7611
36050
30694
18750
19186
4128
4937
38167
13926
26616
16825
22305
28669
46074
62737
40276
64216
17233
33009
47675
17747
53333
27630
40821
54110
60331
10854
37165
46023
33748
45622
20865
4262
10780
39615
56214
47675
11783
61612
28832
38398
12902
51136
34299
58975
15569
41806
24888
32801
9279
7027
17780
29844
34656
58600
18418
62218
36685
22814
9937
37664
2901
30802
9158
13680
4881
65371
28586
49430
28680
57417
55060
41581
10250
23823
2252
25818
93
59906
25851
42138
1397
43630
39213
3284
3926
57630
32734
40610
14909
42670
45505
50576
40703
54662
64255
45583
21730
60073
62245
50409
51954
51769
59221
62203
10056
61472
55253
42915
55843
15568
52284
24471
59197
25962
60522
63122
50823
27720
5428
32963
37621
50932
18003
12789
40059
49490
25603
29020
44027
22312
13893
30445
8545
7578
59880
51367
36281
16829
28746
26588
32396
48262
18291
58824
8688
13277
23642
26742
40996
61836
59705
13081
47232
12172
25869
54522
61661
51472
50773
40152
41015
64665
37829
49560
39474
64940
35391
10220
49000
31369
4039
15860
14095
22329
41915
55549
35605
32788
16755
43832
29088
10924
24145
43551
55863
17245
32538
51988
35948
17775
59372
11428
49672
64432
60987
56377
31068
30842
33828
14532
29442
5099
63158
43536
27427
39537
33549
30264
6789
17536
41327
3108
61226
65471
46658
51553
49948
13660
5238
20360
64202
64609
31787
15570
30737
60005
6411
61804
58079
7471
43567
21985
12569
41189
32753
7227
47957
766
4722
54745
51068
46049
57852
46759
13216
6206
32776
63163
52633
38013
50755
51299
4318
49773
34100
35054
44243
7742
64089
4018
15212
42120
26002
60547
17773
58754
2239
194
26752
6960
22170
12284
20240
47253
26274
688
53459
59050
31082
7788
64294
16301
59086
3077
539
60417
5362
12013
2623
36683
16030
50602
13267
9263
45613
63807
2482
47851
31232
62000
22043
20634
8748
42282
2351
35022
42969
23041
61303
8516
30828
60061
57583
57145
30369
25353
19258
2963
37365
21881
39645
20626
6947
52911
29889
52559
18414
65137
2107
49646
61601
24149
4744
37580
33662
39861
7066
43863
30134
35600
19610
28193
30126
11657
52570
27726
4242
6292
30688
8838
60939
4797
29464
2350
24940
26584
22141
43353
26185
57014
60230
55017
15627
32205
27061
16520
6531
1359
60382
3896
36958
14456
64855
34315
58880
51889
62041
63121
58181
59960
6423
20816
31989
3118
23166
56928
29701
12538
1977
23117
4016
62207
45365
52409
61643
6891
3393
2638
8249
31007
39300
12438
12694
38620
46753
6038
24973
10490
36390
50385
37681
10045
5666
4134
13162
61598
28293
10095
8600
63037
443
45382
26940
45808
65022
23047
19930
2879
58452
28178
1117
32216
7847
13811
5300
54599
52615
63040
32320
23470
47889
4466
746
20786
41366
13907
16848
36891
56768
58214
34392
57211
5292
28563
4715
4778
51609
24644
40424
44525
20053
41540
43973
27899
22582
16504
49730
9662
14008
16514
363
29129
53746
1108
49914
62344
47781
33994
931
39014
59439
2554
30689
64731
31116
35403
3973
49956
60046
44396
61713
14563
20401
40150
9693
10214
56653
59422
19875
37893
43168
53004
1486
64145
54111
51399
60953
36357
52624
29115
9835
46528
31668
7755
45723
62783
10389
16927
14436
4899
61323
10613
52228
48955
50762
61920
26400
9111
23039
46275
47003
671
33743
48488
32047
55086
1584
60232
25907
21439
23811
2973
2431
55479
43494
15385
19958
53882
65079
34393
58780
28098
45005
12704
44284
62998
41855
5148
6574
32125
51422
20808
32795
52397
36528
64842
41947
38111
26770
35085
59549
50580
5289
29212
40523
48782
11828
27713
37128
11371
62105
63139
39468
41575
43074
18216
6269
19393
23364
45609
51518
42017
882
51544
61645
37409
18082
5288
42751
44851
7604
3996
29896
12892
33207
37650
28905
12267
65362
497
23637
29164
30867
30337
37970
8405
15784
44238
60565
39147
24312
13779
48396
57960
65322
44505
29833
50636
49793
39815
62718
57396
43810
59845
37520
44249
31960
889
56515
64553
34153
47383
60948
32251
44951
33382
40656
60735
44852
2917
1578
36395
16695
49973
28819
49248
61710
25883
34348
13199
162
31531
37826
11203
25840
9810
55451
25031
43466
13662
56816
44850
28277
52228
11565
40459
52842
52220
35658
32158
55136
37236
3017
39062
54440
64602
22775
17846
24949
24354
31044
57877
55884
3335
3544
48956
13144
26227
41218
23841
7120
32498
3155
2628
51958
14720
43087
39264
34171
45976
38653
56539
50443
8901
30065
6580
7967
52839
24425
147
11658
55469
58023
34773
58803
28798
50960
39178
22256
26643
63019
62143
26372
33405
32002
45561
48124
42320
52056
16760
22761
25173
7763
40435
1305
5059
47014
9271
57898
5904
9417
36787
61372
34671
38791
54639
30701
56983
61048
20188
50857
25763
49562
11693
59168
16029
24486
8988
25580
11006
58514
15572
3411
741
56007
4715
38567
37485
46753
63696
43388
23401
2179
6456
25304
40969
28326
56004
32416
23839
43423
17737
16833
60217
62197
10465
43477
53914
19453
3521
32151
12431
19093
35561
45939
9564
7508
18970
14280
54260
49897
24900
44892
52075
31355
4660
27508
26913
27895
27156
50751
5783
12124
2048
464
41552
45280
11172
29930
31964
14692
62081
44394
1016
64873
57564
43346
6845
43765
57626
28336
28126
49757
7693
14665
15576
45119
9405
9720
7479
36560
60470
46028
15915
29750
13723
57467
42261
24894
21861
8689
39585
51173
53082
7833
50511
12343
51178
24587
56107
43268
20155
18698
27489
60614
594
10297
40197
9998
20016
14907
13789
47718
60934
29704
44699
41888
21635
21424
1246
10727
30112
8063
61900
50425
15895
14107
29999
1537
5925
20571
12037
26079
6500
6757
53924
39860
49820
28586
49858
4301
10724
30878
19250
38890
27813
63948
15242
49447
52603
49255
27406
49946
57317
56537
2067
40443
5108
32066
9211
11032
19868
21247
4343
26367
60771
58266
691
45055
54083
17780
16587
64807
15890
35836
38161
43702
1480
20634
60381
21314
4353
22251
5724
61669
13252
40558
3808
51126
7088
13019
29389
26955
1497
33731
20553
62267
59229
54010
41787
47776
39022
25605
14279
54911
61441
19671
33077
30152
40305
60689
51466
44657
17404
24421
8023
63422
64978
44597
49012
6530
57615
45633
716
26344
13828
21268
23075
7521
9743
32093
22529
48764
57698
4039
5371
20835
23710
5679
50986
31246
833
4148
43134
51003
61336
51156
48890
60778
62985
65133
34540
55064
45230
35255
48639
26290
23755
38946
1042
729
5503
56337
16724
30432
60376
22094
51266
51317
27772
3949
17027
61371
40863
60160
46839
36663
13013
62960
31906
10462
62557
33677
32757
9484
36163
15861
35773
59917
54806
4046
60645
27540
60383
11833
57972
55223
1158
10934
41004
61697
47649
25262
57532
22977
19886
6067
26871
130
3491
26008
10591
513
59684
10580
42763
30312
26440
13000
57460
15710
49812
19802
10481
44659
31634
2917
1578
24
46618
9813
61720
28731
35074
20948
18939
22192
27015
45810
55088
30505
6282
144
63784
33198
10723
41011
63509
4394
21242
55433
52870
5519
9699
63350
17409
8565
33499
51754
41355
14581
28798
4771
10543
31104
25718
29482
53295
19964
42523
42847
17701
16036
10222
15949
49233
53711
24192
47206
58104
12665
4336
45438
50950
46801
10485
2824
22597
43983
21809
31183
58563
50606
35953
36337
16174
28903
33050
36700
48866
10037
46779
33798
26073
57000
49747
9770
12408
41170
24208
37743
53834
61310
17646
39249
9807
60897
9304
32404
39344
31112
30818
65138
16182
1236
35939
65123
30138
3454
36287
46235
46257
17530
47265
39561
41762
31476
49331
21401
39877
40770
59143
28175
3776
44020
34655
13582
39381
43958
13217
13189
42301
44035
12791
58483
12502
15962
25302
9871
52182
61588
56105
32903
46350
37834
6929
55343
36541
23491
11208
43649
31492
4815
39056
35267
48835
8175
48848
22680
19365
62065
3101
61665
7796
48658
21844
20297
64619
47145
30167
18497
43198
53503
18632
56779
58569
25560
46586
62341
16282
57793
40455
47773
62607
13975
17504
13138
54916
33583
35818
8745
62879
6150
4875
5139
54807
26718
58202
21123
8328
22833
6851
18757
43568
25482
10000
36601
51041
56585
33406
34554
48842
41092
49558
13145
22298
1526
26283
11679
2341
29332
20423
65219
35481
58064
37590
57519
19247
30256
13106
60341
20321
52724
13562
63888
12670
23561
34953
30943
47377
35590
65496
30683
11147
49519
43827
676
18276
37341
12354
20616
1137
9
53067
3849
58072
57888
61368
44550
22608
41705
6587
42928
28893
20148
41280
41563
10940
43464
6970
58316
13519
6930
56230
57432
23680
1754
58107
41956
39094
37693
29803
40231
37701
50101
44079
63004
42453
7143
9251
65061
48848
15837
9685
44972
3217
18197
20999
14156
61660
60735
39704
42410
2130
30398
1538
58576
64918
26877
2228
38477
64569
32031
45939
3966
49363
57249
34201
26281
64392
10683
58573
14936
26520
2722
59907
62503
53685
15371
43890
49810
10570
18058
59451
45466
15688
28221
5739
15070
55097
7966
20778
21362
7228
1181
58094
56591
58430
26759
17336
24518
4674
10373
39453
31193
45861
33824
60927
34011
16426
39281
51052
59763
57339
12199
6925
40258
40419
12663
22559
29980
20629
43337
18573
27856
44517
11131
51678
4643
5122
3478
29160
9795
46617
35844
8219
26943
36900
3610
28185
53325
42890
13701
14784
1925
25899
21709
9414
33550
1603
31973
30761
54998
9774
49334
50086
21522
27696
36228
26165
32817
6938
22556
9843
53554
58400
18061
47728
62531
54437
43144
50320
64559
56844
32336
33715
49975
54044
43129
50756
22878
9566
15981
12341
19339
65314
62426
8092
60242
33118
34256
27523
40055
24044
37366
60841
49675
22658
43033
46670
44327
20642
64221
43350
44717
31021
11529
61923
52296
54657
47143
9639
31454
63124
54746
18024
30134
51636
26116
24840
19218
27603
19595
26505
51646
24192
21810
3017
14081
32074
49686
58407
19947
15604
36221
31896
46624
14982
28283
617
36870
42658
43022
2789
7478
32232
53579
4843
18332
14159
62450
4781
8994
16509
64052
27871
7932
20326
30888
22012
19632
47805
14884
6810
63408
18336
38705
11729
33317
34220
45112
4652
44109
22598
40207
51586
54829
28250
56428
40392
42409
53342
12404
18634
37082
10921
46504
12245
64013
11856
34257
18109
26893
16372
24919
24765
34707
30855
3725
35256
32306
48836
7139
10879
5898
47345
29696
27958
10059
53356
35581
19699
8394
47985
38332
45476
58905
52068
57720
57382
63923
59208
42723
58047
10044
2106
17277
11983
192
53768
47238
65265
37069
54376
10608
10198
3417
7536
5388
13475
60891
40968
406
3749
23417
5969
16456
49553
58036
41408
41400
23656
35080
18587
16167
12356
53459
675
24338
20882
54443
38807
20611
58743
60414
63986
36172
63830
5986
41559
44536
34108
49759
12173
37856
40407
18142
21544
24425
10642
62951
289
1529
32495
51642
17696
44850
6797
18370
36419
27678
40044
9690
15521
33251
37335
13971
3888
35629
52723
12678
47397
21295
62436
59569
26382
37308
12175
47925
61732
55584
12572
29252
57112
45067
48125
42039
57148
54921
27641
60799
49830
2149
37720
65350
2632
9520
46552
39286
45148
33739
51963
27009
22265
16096
21043
15879
53403
449
63803
16831
56032
43607
13314
14841
23138
61438
24111
47517
18055
51751
42780
2349
53900
14965
34931
23763
57251
15947
63048
36863
16918
16707
31104
6414
32802
52146
22292
53436
19826
53327
37498
43090
31398
50811
57930
21767
13945
16505
36515
31999
35488
13760
1580
56619
61491
36510
14846
53206
19688
45125
57300
3837
29063
22868
10251
29097
42245
65309
16997
29303
53100
54495
6857
18962
7002
32018
7960
20947
15754
44475
52945
51241
25466
21756
42324
21421
58265
57169
41858
45185
3990
854
49021
33053
56489
26503
62149
33198
26277
13610
29732
13841
35336
36588
35
9570
3070
7994
30516
18824
52468
50692
4529
12398
6913
46853
1050
32409
5718
10139
44825
9708
43760
61078
9992
34713
22045
6605
35142
15553
52981
64874
62161
55549
35926
62195
65118
6228
37420
62865
25051
57120
15253
62346
36749
22165
10895
5031
21806
49380
15169
33862
26319
58928
29404
36310
60872
18681
42914
30479
34233
63126
29817
30858
53139
32974
60284
19953
39201
32169
17282
31483
23753
32535
61061
27733
21931
6420
32763
10968
23031
47932
44830
49349
8556
8698
20123
3893
27378
30268
1603
28843
60626
31419
59700
15461
31624
54449
35414
5290
53849
19927
4004
44833
19693
65064
7030
41624
38716
39793
19823
61746
54956
64652
12792
30743
40582
32914
1867
35191
30414
3469
64033
58271
2119
25430
8196
33743
14343
43609
6264
2656
30768
43034
14720
50460
42563
21749
59315
48510
61541
13603
44720
50961
45486
57511
48936
20532
57657
50802
22955
55302
54271
21452
48037
23621
46881
23464
57363
28455
34305
30858
63877
65072
8357
13061
49996
18151
34810
43776
1125
63582
57378
13076
16240
37328
37819
65175
25092
62707
50441
48046
52473
39176
3962
2206
30029
18075
25669
21856
13761
59973
19946
12103
59509
61069
25163
11202
13684
27204
54977
47575
25251
14051
27882
41490
18610
165
8361
43701
62871
58801
58978
17040
65209
30172
19245
29702
48246
12146
18789
62006
39350
38734
41340
556
1499
33735
11757
15182
60938
33965
29988
53420
48015
57870
62141
1089
58034
4966
12022
55370
30999
5464
39641
30672
35635
58886
60373
51112
38263
46393
14815
12077
52359
56154
12632
53857
57120
24388
36271
19755
25584
723
7639
8063
58592
37012
41919
18323
9209
21172
40924
40207
59402
15029
5343
29502
41146
32947
47845
13873
46572
62659
25950
33395
20510
5813
21716
12094
62968
57986
64615
23016
58709
6719
63846
18997
10962
40229
4551
20170
28632
45474
27609
22498
60503
32951
19231
36113
33130
1541
17218
14166
31431
10399
14792
19172
16211
36507
64033
46410
61725
63112
3891
22130
37062
34968
41126
48023
9661
45677
35425
5524
58382
63033
28021
53349
63215
14484
56694
63576
48791
41143
12206
14686
51541
26997
1090
34983
30736
65122
15858
26925
62698
52515
49054
1457
21947
57411
49479
64374
4784
52135
4362
63166
16864
65149
18211
14544
14097
42136
12584
62887
17743
57557
44805
36515
51785
45894
5963
16985
12712
54587
11141
42641
41566
27426
44097
63512
19302
60808
29582
56852
47407
33943
21714
64271
788
39925
46046
14885
49292
58629
45003
34267
17882
57039
5246
4132
4629
43975
21116
17340
33026
32257
59981
41823
26914
38542
7031
46215
1046
36612
4764
15685
37786
26477
14420
38574
866
27697
20690
17390
20790
32924
51656
38672
24428
24133
10035
29056
2573
31150
13628
2830
30638
8073
44653
57552
13846
51683
5463
47659
55527
10226
63343
27777
36703
44994
33582
4800
7155
21503
22189
60711
54427
41076
33847
46086
65209
43881
42373
35013
42263
56000
37842
40132
31304
16959
64915
12382
35874
4843
60040
58632
47835
57847
53640
19002
37305
21687
56569
44459
43189
45989
39634
64847
21530
40713
12629
21203
51825
55002
56215
61319
12698
61288
35916
44002
45479
2527
56383
15817
40136
18119
41680
22436
10430
29784
8669
14966
51470
65237
59424
61891
45691
754
28434
1685
8698
41063
55654
27755
63296
13565
23538
10458
9317
26685
21691
22027
29212
45305
37843
3812
63423
46754
59014
8317
11003
2148
23282
62472
1849
49937
26059
14771
17923
54493
49222
26620
62787
6572
21606
60547
20136
45144
38236
62220
39060
27159
18711
35503
6928
23786
6547
4816
5004
25
45899
48773
2172
36413
45710
36788
53581
39000
51558
5968
60724
2477
65355
57975
9048
21425
20218
61951
33800
25686
58635
40092
52844
44577
10059
59771
35594
16605
31818
7830
49397
12182
56602
18800
15826
4008
55587
3871
10240
8842
42606
5428
11318
9657
30635
20365
63848
18084
16780
64880
43769
42646
39436
31077
21688
16726
58080
24513
33331
24362
65109
49959
3775
56176
3223
19600
27415
58810
56238
37654
2116
33308
10314
46200
10196
40948
1029
8508
59031
17809
7852
37265
60454
47287
35573
49373
64013
28117
41118
64575
19711
40691
16230
23485
64098
19452
10317
25978
45493
33786
30863
14840
1558
41176
61039
44520
49355
62068
53027
42851
47108
60879
47347
9258
9862
17384
25863
41106
12733
1445
7377
65210
9367
23606
23159
7930
43058
707
1139
55782
34492
64768
5087
3281
40409
590
47800
24228
29889
35292
34310
44228
63402
16121
53486
40495
737
13813
48833
46236
48024
56209
45910
24622
14280
36300
32551
24569
37007
921
47582
38730
154
52668
42011
7794
20490
57042
64788
50378
26798
33563
61838
57431
16915
49788
65158
50418
30832
48455
31118
46087
39128
44259
5173
20639
15024
4956
12439
19262
5876
60021
57991
38796
14385
1698
46589
34874
58740
13074
52484
52769
46636
48786
44665
30782
270
11519
48432
31101
59973
46781
11652
797
25505
49591
54203
40528
54546
1106
27021
60422
28358
19476
33682
42743
21174
47503
44848
14378
60576
31796
1611
8908
47813
13507
39689
48082
25025
55352
13647
52229
36598
58065
53026
62102
42121
41693
4326
31131
10030
31346
58784
38388
50821
26931
48362
39226
8898
27674
53603
3938
26702
22446
45612
8979
35952
19765
57061
28209
9582
37939
14902
13411
30469
35159
9977
39821
44083
14302
38183
54113
45647
31432
59732
63699
25594
42558
37390
1723
37463
58224
38427
64164
15134
18503
7608
18318
38267
64668
13758
15080
4303
28659
28490
34771
31050
5698
41823
9597
19999
14471
30941
32877
13134
57904
31041
38727
2158
35662
40449
39621
28350
13340
38249
43484
31842
13088
29033
37340
44987
42790
19652
49290
38680
15373
51292
4194
21071
27580
46558
8301
9282
44730
41178
55182
37099
39450
28373
39256
9576
36053
13341
5157
49392
18822
15872
48465
31909
44904
20269
44128
54925
7152
27882
28070
22525
46405
65030
43595
41216
13284
19127
50497
58014
27536
40143
29577
1450
35747
36064
43792
6264
49405
48949
22887
35458
32052
5816
1831
11421
58852
13190
33577
468
41071
28878
22992
21941
61140
33818
63156
8888
20177
15350
34133
47712
22724
30941
49162
25703
1470
60185
31966
18106
10830
22085
53563
42882
60667
22625
21534
53983
35815
55110
21683
11350
51220
44674
522
46824
45724
30910
22943
365
13491
57076
48076
3446
22481
64469
29148
56717
26351
28346
9287
37180
50430
62849
47293
45561
19939
3291
1241
55753
25633
22923
34334
11317
34828
2088
58140
15016
229
15547
48147
13719
39854
63455
17164
29567
29620
46312
20748
55970
41889
62802
60382
26783
60115
42139
39575
47285
12662
40815
37502
38294
63737
39068
49610
262
8387
9446
15277
8615
57759
30656
55100
32078
61342
6728
61644
25426
20271
49623
48628
29391
46889
43474
23405
41469
52844
62980
55985
65505
5491
27952
38263
36460
34251
55104
36721
42637
31781
19229
18483
24005
49884
8047
56082
45690
47541
19422
38348
35044
3509
21440
64434
17630
32145
22304
26330
52220
52515
16779
52190
58005
11962
57684
28929
46212
14485
32881
56080
46265
52110
9027
37501
3690
49840
60814
16612
31846
14700
54959
34121
50976
43630
33019
3070
43006
55322
29399
29690
9533
46177
49111
2003
58139
41260
63698
6047
22976
31044
62127
3705
17618
38385
41206
21307
55457
36484
5150
54534
18416
60108
23119
3856
5434
23369
39692
15671
45923
3555
45361
55455
49731
28936
57457
9566
37427
55620
15613
60402
53895
44971
31339
5977
50587
39776
60050
40508
43491
65200
62273
61906
27004
19856
32993
65205
43225
7149
15340
23612
10703
60700
46298
27666
56868
38220
4463
61526
61071
20075
56393
49430
32277
54963
22638
50096
29203
49919
57835
7158
49583
54573
36296
43819
8893
3753
43488
19349
43669
58827
10192
54371
21224
56490
49268
45323
61941
53731
41313
24708
41037
64937
8602
7779
54364
64006
25106
18031
48389
17405
57956
65204
6442
61483
43487
48102
65235
54206
34682
43368
14729
44874
64971
35952
3060
15935
15739
32232
4130
24284
56939
45167
23685
32772
20177
12514
31242
45282
63311
46862
62686
55731
46530
36360
51678
57248
18926
18610
13150
53607
29209
27879
177
61411
31062
36003
11811
14033
35466
15940
38316
26869
28338
62000
26872
15746
41745
58113
28259
39521
6672
58177
62483
53201
29001
15858
12146
47926
1699
25295
35997
30907
53173
3406
26783
51467
39408
5825
65499
9339
21764
38279
3439
17334
1975
30311
33079
43720
55655
28570
50472
62326
21211
14651
17224
50211
30508
29369
32601
32206
21895
35829
30345
9533
6466
24359
60999
45874
30183
28194
22444
19178
33704
58649
3743
35678
56191
4054
46629
46311
32623
31565
10333
53833
46216
60323
38508
43955
24156
38340
43393
46051
41400
8202
22815
47866
65327
51045
60971
62741
46470
17879
16383
14638
43759
52893
50315
34415
56946
64176
47957
24033
62972
25521
45097
10884
20309
50836
54839
11696
56407
32696
24978
32271
8129
15024
14601
7920
533
42803
5125
47002
27913
54274
28871
6137
41631
46418
40551
33041
45058
55739
24305
42494
15724
36633
53378
36032
54700
42681
47728
45571
42608
7170
45074
17968
22194
26906
25887
55493
4174
63778
4192
32086
52516
33062
38222
61379
13944
46004
61651
26233
36207
53188
3192
51931
24285
23801
55194
46217
33713
37386
26252
10785
11788
5790
28752
1213
32696
21870
23937
4101
52879
60895
36186
39859
28422
41640
2934
9597
54875
64585
3062
58314
52237
6253
44709
43753
30053
1599
24434
63765
6217
17918
41781
18004
56474
37764
51983
23634
26865
10384
60501
14208
5744
63919
21298
1397
7255
24232
43760
62129
23281
46821
54907
42749
20305
1312
53733
17589
2911
12632
48585
9127
30549
57597
59897
21487
29825
13576
12353
56689
56726
40085
38128
29701
38468
59426
31097
45722
18122
42089
9548
8634
56141
64454
51382
10911
32998
6811
61266
35908
19442
44316
12266
17222
36377
6627
5941
33434
52969
51060
57354
44159
58376
29947
8325
31309
23837
6653
44262
9190
48741
53809
17823
6579
19960
36436
50256
52957
43246
45986
23329
29920
24766
2826
14373
61143
9452
53080
61808
29652
38604
53626
8275
31445
18037
16599
29985
41873
23252
8711
18294
39224
29752
36116
45802
49711
39783
30522
37132
17494
43740
27692
14645
2970
30517
29017
31344
7200
16562
27616
36851
22397
15707
45125
21073
975
28956
51057
10080
52207
27000
28373
58662
23983
64489
6161
8158
5968
36682
12521
23461
14886
40212
38105
50623
37960
34354
49198
45159
18147
11279
16474
40543
59752
28830
61616
60726
57785
14369
5270
11688
8600
875
37582
32582
32595
43742
7971
38562
47655
20491
62023
29773
27934
1824
14860
358
3409
64057
12748
21555
42567
29221
62098
4015
25283
25410
31973
50299
39778
4474
29219
48378
5348
1265
48191
37942
45006
56162
10969
27125
43884
40223
56897
6283
9278
38988
39407
12687
4742
52155
34241
14540
48607
63570
18555
8354
23444
17759
25885
63222
22232
55103
13296
60347
56367
28718
32753
35837
19344
10953
30193
30460
51175
21555
3974
60453
27774
43380
40371
32515
62766
9076
47055
45838
39878
32841
21423
63321
50599
14539
28239
40062
4106
8766
34873
60472
37484
34858
63540
24059
45810
28198
54518
64217
16984
58491
59134
44757
3568
1201
44504
798
10276
58790
13867
50153
58862
2522
15171
11157
17060
43409
51218
21166
52175
53323
48869
24123
22645
46874
15413
2919
42303
4396
1600
26518
62886
27965
38506
33685
29165
17474
1715
6673
43495
15581
24057
36821
50869
39227
47977
2394
49868
892
56326
3739
54214
39659
60628
11323
53764
10505
47008
30531
14900
15840
57048
45018
11036
30019
13167
7433
14724
47648
46872
58219
63229
5393
62271
48562
11852
11945
18187
28951
12836
8977
32689
1514
15868
60548
45603
4096
5517
59842
1859
53184
10146
26138
32666
53949
23388
13064
61381
38112
60712
42717
63562
25637
15341
27529
41430
59959
39473
26849
23374
52308
35825
23294
21053
18924
18306
1120
23020
56590
60962
57645
44238
38339
18247
44135
26752
41635
24430
22597
46978
52373
32545
12236
45241
47886
39764
21136
42309
46469
15216
32915
33241
51040
56208
54294
37196
8979
22645
60215
32800
18071
52324
11502
56410
37802
22868
50393
46668
47297
7455
60877
34135
39999
7577
13840
55116
14573
2207
31890
61041
17422
64804
61513
35694
22708
50271
7354
64453
40148
34800
31717
58218
54355
43218
16324
59388
33317
1182
40521
15079
41403
35862
16445
48633
10671
30284
38214
58010
65258
37335
20747
49911
36603
16724
52836
26542
34227
60189
25460
8839
62220
57176
34288
18271
2091
17844
12124
35407
19025
52644
17717
27659
55737
34161
10756
33639
31677
48969
26113
31399
20768
46859
15774
24602
30815
3075
51144
65041
30495
43835
41111
59947
35475
9863
12682
4797
27706
57572
7436
13962
44680
25152
41620
2114
59313
52376
35752
25454
3041
29097
24084
56576
10420
39857
15642
41234
10163
34017
7971
7890
12316
49081
35068
15023
58944
14981
52586
53881
7018
60021
35075
18929
19638
11159
21042
46182
30766
24026
6100
1039
53122
30183
57614
63541
37271
40487
6472
14666
41736
14442
55322
21283
30755
24854
3537
24163
39834
56123
45275
46851
17840
14814
33012
4709
58740
54053
50890
56737
45310
24221
25007
32896
21635
17085
63669
26138
24804
37372
40803
33771
51813
63356
55053
17032
55441
25822
8426
62506
49176
20933
11054
1480
2978
44065
38956
61717
32582
24310
20151
12357
15763
45157
12484
37397
29474
10617
30766
21509
47988
38800
55279
1498
36620
12028
51296
26525
37849
26954
23496
21489
47886
34549
55736
50863
13078
29156
14277
12891
20697
34427
58014
3691
14048
37730
8320
10753
48346
39085
32261
63566
12350
54771
32295
16201
1264
18055
42726
6344
45008
33453
60600
60125
35233
18032
45453
15542
14419
59729
61199
35115
61387
20910
38806
42666
58639
14357
53419
8681
53441
52911
39478
33022
42147
6237
49223
10642
57059
26413
16985
3763
27097
44816
63888
29561
62847
43805
45102
11730
5230
7997
14077
1081
28906
20114
43746
22009
34470
64396
63457
22375
51772
37399
55397
61150
43636
39084
6256
35159
32728
23240
6153
27056
35288
4505
56616
32599
15541
3414
44329
20770
44177
58405
54617
7548
12983
60
62323
14684
64455
60244
37058
17923
32108
59686
13537
42975
466
19792
45365
425
10264
51517
27480
45551
23254
51327
45381
38794
21972
24174
26796
614
49810
48644
40928
30024
48703
37715
44707
14855
65191
48997
32777
64530
43147
13546
41969
10845
569
54565
11269
10832
7778
38749
23614
31031
57307
3460
4290
13744
60400
63852
14357
44675
46960
22516
41930
62895
60230
21102
12214
27117
37330
12222
26111
14941
58534
35311
25785
59103
24340
4286
37166
32118
43034
60780
30380
34805
31471
34669
15780
26335
217
62903
38241
47177
19883
14636
44536
47345
2969
23981
8926
40298
3434
2269
22470
61968
37579
15487
55535
29151
19772
27165
28500
30037
55176
58879
32073
53878
60780
47853
14678
28228
45220
20150
42636
65103
2017
54403
46912
37752
12848
23069
12514
16282
25337
2216
12714
30148
17702
35480
26530
37473
29876
55029
34741
52284
15604
1278
40626
43615
49130
22535
6308
61582
42685
16175
28381
11933
5043
42524
49685
17890
32824
29430
1403
58161
31645
46883
55540
49346
16827
16534
54050
13935
38794
23255
683
54397
24533
8540
65244
40894
31075
38783
4172
40991
54957
65319
52923
59999
42307
4304
45121
9596
33734
46523
34988
65378
27871
24992
49189
11929
41525
37703
58630
14783
28190
59312
36411
52722
35084
3351
60847
623
9365
65019
8845
64322
64802
28999
26017
8806
33303
5602
51168
1501
19357
53387
34110
14459
12843
17763
59154
21599
22698
52249
3613
50887
13257
7255
5305
48340
10606
33383
16194
52737
98
25038
18755
32132
54037
44772
40937
21804
17605
59336
56071
36961
47187
24645
18651
60029
9640
12270
48859
32337
31750
52471
50455
45006
26957
22991
27811
37562
56373
11236
57531
23703
36274
10750
55834
24775
55521
31235
13810
40358
57802
4345
44550
39453
28989
63201
1178
38628
9935
50036
38196
41684
4203
55882
53921
31159
46104
48963
35953
4174
60199
27948
27876
30937
38697
18174
22943
61450
49408
36752
36272
41674
8328
15286
48358
4548
45718
49535
43176
55652
1267
48603
64567
5469
6182
20185
3859
52285
3612
39811
56458
63810
34990
18798
61978
8152
36971
52152
36833
53610
56135
7569
62515
64462
55621
45337
3475
35804
62103
13882
58687
63369
29716
24951
36069
35897
45135
39928
22647
15978
14203
13569
47020
49193
65134
43462
24576
3801
62846
61408
57411
53445
36208
21622
52372
59060
34191
23078
62095
63525
36959
22479
61359
33906
47429
64659
4268
59795
39051
59681
10237
20486
7714
57256
36910
40079
2415
61485
43880
65260
24589
2987
53169
28028
57375
7237
21552
26030
30314
18112
24020
34504
40590
52610
35642
55250
51733
39909
49509
58016
34054
26977
12966
8999
51465
49875
16310
53879
13056
60189
20835
4876
30407
8468
32903
22246
48472
21686
15508
46017
7029
39527
47753
14850
59368
17859
4564
12797
57767
21304
5277
59052
15513
51009
35282
1442
35348
51591
22552
15635
13476
43386
53277
43882
51853
20644
593
2021
9562
16100
48038
16590
22858
30255
31440
49457
15345
3235
62253
40343
57306
34762
33859
40050
20235
3605
41491
22815
22428
64042
38449
35903
9124
26191
14250
60976
14066
47609
30229
23627
30940
12731
7449
21029
10217
6120
4950
25561
42121
34434
368
33891
3660
1458
41172
23895
5062
49894
46709
60256
48400
52389
30624
24755
45811
12105
52963
59877
59713
17656
50735
57884
30386
58183
13377
7834
64302
18326
33394
40888
19991
993
42010
23651
2450
50414
47545
40278
34772
61485
34999
50404
48338
32854
9623
28614
44958
62585
55722
6367
14705
40921
64250
12322
801
12091
20155
32334
63183
20780
40453
17638
54539
49695
41288
56988
34573
56064
64498
3809
52013
1193
54212
2048
34046
63835
30661
46235
60884
20847
52601
42821
28999
51315
55142
29799
30637
42529
29365
28284
30540
4282
13153
19544
53976
21673
43763
23013
12201
42725
26822
31446
11149
15498
33493
45194
46564
31385
25893
41913
19463
12958
19198
48461
31504
41571
45492
62140
18564
9321
24888
49104
46369
5273
35879
34810
26945
14106
57822
6377
56831
51875
37822
35211
34605
38546
14870
15633
4395
7994
24777
23857
53719
43974
39550
19687
52777
52273
16292
5805
28825
8411
22140
9658
13683
58018
11699
7859
6589
36753
14236
30651
23092
19289
326
57696
57835
47962
7794
29461
55956
32570
53318
44139
43776
60099
31057
63784
14068
47348
4053
42892
22991
58960
19781
3905
51442
31480
11764
25262
2697
58766
23144
58555
12519
23470
50716
37585
38663
25741
1511
29083
25542
22060
40453
36549
16623
5975
34797
30690
20554
6082
40813
10776
65041
60593
14681
18179
59304
59211
43441
29232
52441
1049
22252
32191
57285
7432
37008
30413
404
38518
26727
25945
60577
34412
62494
44431
40386
31755
42352
28171
37836
17629
38947
4573
45453
20859
22752
6454
14534
33424
35685
34206
1704
57936
33628
58989
32599
5100
56633
33002
10849
50591
58947
5890
19467
23137
17552
27084
54891
59903
55255
59959
44763
61433
31763
24681
16756
54514
31134
64056
55169
34050
65493
56873
26451
33585
17558
26281
5917
41422
59283
16765
26477
19926
55422
13176
43062
7438
40259
65184
1806
29978
59607
46568
25875
25835
38480
42630
47580
4078
8382
4446
38128
8339
28550
31810
41924
46107
58090
47840
54760
19069
31836
48468
38994
21722
61643
16520
29160
36367
16169
30965
809
43007
44764
59451
3306
17709
3777
18118
54553
12159
22563
59912
20497
18344
26186
29652
64450
51508
44723
20906
5041
11024
3838
44035
32745
65481
60554
29136
36312
43954
27332
4352
21426
6561
63802
57498
24269
2044
10080
46053
46969
65409
40430
1930
18217
33847
64349
49898
19819
43536
38035
24860
54559
41873
36126
54536
9050
63911
50903
45361
42330
12700
16944
63755
19260
47978
55717
10760
17253
33029
56812
64221
32902
64473
33382
18351
32785
32195
35480
52603
10196
7980
44694
31986
49852
15284
53753
58901
46427
39121
5958
23221
51820
55668
21440
38311
38110
11621
49070
55362
11881
7578
54047
12015
6516
54661
30365
6532
21320
33076
59134
64282
41055
5525
30733
58138
53575
51717
18735
34466
25302
57459
57686
44353
47592
46357
17128
52933
25210
33429
42760
37090
41007
64038
49104
14754
53163
46700
21285
8948
14241
47650
7694
22527
53174
5658
15130
8446
57375
1096
42911
49908
25787
2294
28726
7843
15882
45853
28007
41091
13747
5231
12646
21985
3734
28981
36738
56896
10146
58022
33075
24386
7368
8001
46912
60542
13658
29273
36219
38264
63136
46361
22637
23387
15886
51362
63996
31768
31679
26467
7323
12657
64465
52735
34641
2663
16181
38610
26790
26326
63863
27097
17943
5696
35097
32086
33469
48754
61359
4152
21483
26191
17744
44119
49577
33630
62712
15269
65397
61622
8967
39951
8744
7896
27151
10616
43325
10563
49226
4580
4120
14785
31676
22062
20480
34004
54147
21180
17222
17202
25331
5936
43392
43075
17286
60200
11169
47229
42700
43797
43316
51667
18212
52059
59562
12594
29906
4584
23156
46363
9163
27275
61148
8070
16568
48859
42073
37947
4504
26526
22380
62601
65229
237
40140
49746
27668
18540
31440
37600
29568
9220
23731
47780
28510
50524
27605
25647
55107
17993
6475
31501
12499
2087
6802
29067
50945
16106
34245
55448
42632
56624
52514
9557
56860
59885
59302
51760
45657
57973
23824
42456
34424
14786
24700
30165
32541
19537
55812
54880
37529
62286
20845
50027
31604
60414
46325
49780
10984
15034
6925
53615
6123
26670
30403
30214
21019
56937
16438
33907
49374
7493
10828
51030
55045
2759
15659
54818
22295
5935
44162
27055
35452
32238
11547
1520
27116
25103
51300
5332
40137
25456
26178
46259
52125
56581
10937
7608
15214
60142
8747
31819
34866
52341
17313
57143
55099
32972
13657
44626
6138
25050
38912
8822
57287
17690
43108
51635
42793
61639
24198
17394
21559
50375
30884
8148
41420
9052
48523
56633
36425
57269
22917
38523
11306
7461
30130
869
7664
11018
12726
13802
36067
51638
55390
60585
3792
32962
46684
13816
29066
5346
31209
50624
22953
29324
58772
31604
38376
41759
22702
42032
724
12850
15019
12029
53077
12380
45664
60741
23397
25622
41774
59463
44491
31628
54513
15514
64589
2893
29330
28119
41006
27770
45975
63958
57094
39211
30026
62701
48201
19959
39197
16156
40
54216
60951
53117
33827
8311
48322
57224
33932
24560
51151
12887
23419
7360
28401
22472
10253
57730
17823
18490
52731
63797
16912
44289
4704
14169
8686
20136
1360
47883
3523
1399
3795
64473
54515
37621
7248
4533
62076
8412
61859
14924
21298
19742
22283
49698
9446
65302
9124
27268
18256
61855
58296
2399
7840
30231
49335
16526
17598
50694
31640
21120
52092
2666
52824
8304
40286
27303
12836
36827
35714
9160
18982
57012
61668
41264
8406
5578
41031
50297
77
26518
13848
25604
61684
21687
55834
45483
5444
40663
30641
37083
29014
49964
39748
16302
58267
47266
10837
38335
51324
46550
14726
4770
5258
10858
13265
13664
49203
21527
31192
49279
15277
45039
42115
11425
33957
32413
24139
39401
40308
54779
43715
3786
6439
50695
52855
31938
32425
63691
4737
50980
11937
52229
22981
17195
63086
36245
63625
13985
25004
29281
30496
40280
41551
7075
51704
9972
6719
10307
49372
47026
32317
27552
18044
38755
45478
5363
37924
45134
36285
42660
30578
48221
29353
20790
65415
59671
24266
63504
40887
49269
60016
5847
24013
36031
12921
10181
46003
19640
53254
62606
1130
52802
57389
19173
58789
37331
57302
31177
16929
28051
41069
14738
43504
37653
35527
43383
31788
59793
8584
39907
43526
3064
45753
2004
39095
58674
44951
52329
12778
32670
49399
46674
52703
41253
33079
45956
13048
24845
11598
62744
20128
52666
11946
63631
24783
47473
8710
23803
41730
50060
63709
19720
20356
43926
54490
26682
4296
33906
13475
17073
33807
62873
63747
53741
5822
31290
34162
51637
23366
45759
48845
10725
121
60790
41587
24903
42727
50297
15937
51688
2053
14110
38640
22408
25268
27594
49089
29563
28731
29795
13868
