63476
25103
49070
20551
49164
48390
44940
39830
5150
60192
36427
52912
5826
11186
52821
158
51627
1953
47170
19142
41631
64824
15488
28169
31014
24191
50501
18940
7087
44190
27971
5028
36524
11505
58345
52919
27126
4981
59980
32275
65172
63639
19652
38230
9289
39704
38387
60915
8888
52789
47289
50518
52077
30008
13151
17555
54198
30884
3726
61285
42305
31696
33544
46060
10432
59120
33444
37557
64101
60655
37064
63737
58758
23947
3663
35279
63650
42050
63425
7002
62070
45178
24751
48611
9650
5134
33397
63848
36017
37123
26829
12786
3283
60372
26077
46482
53956
59520
18503
52521
21872
22798
17955
47861
46744
21617
17604
12090
30898
15494
51858
60199
27903
11074
43274
37553
48974
11136
3097
19455
15490
62692
65007
18772
24760
25548
65253
13180
52300
50988
32933
41403
41017
18119
23728
22226
6967
8564
1547
5097
56824
53405
65295
19191
31710
10266
23975
15148
54168
59838
1834
4122
56994
1305
55660
16218
59619
55378
62165
13615
8062
62329
55017
49078
47679
45977
38535
54645
21772
40082
59741
13060
60718
26733
65017
26892
36998
56224
42039
25630
50526
43872
29751
9217
12408
19875
58201
39258
42484
54830
52873
17777
18855
9586
34087
998
22794
39853
22875
44565
14399
49847
24856
9581
11044
57105
36472
15273
47793
45742
40902
15
24078
37884
9231
3717
24991
34664
42975
1939
56725
30312
52483
10045
7129
21034
43809
29923
60886
1148
8952
42517
50995
1040
19329
62038
58144
23033
11776
40401
3239
19909
7647
60084
57793
16878
63800
17248
18773
8471
51953
9962
38782
38900
20006
13143
